ESIM_AntTest/NK03_ice.cnv
* Sea-Bird SBE 9 Data File:
* FileName = C:\CTD Data\AGU025_WINTER_JUNE2017\NK03_ice.hex
* Software Version Seasave V 7.23.2
* Temperature SN = 5509
* Conductivity SN = 3875
* Number of Bytes Per Scan = 40
* Number of Voltage Words = 5
* Number of Scans Averaged by the Deck Unit = 1
* NMEA Latitude = 61 58.16 S
* NMEA Longitude = 030 09.44 E
* NMEA UTC (Time) = Jul 04 2017 22:27:52
* NMEA baud rate = 4800
** Ship: SA Aghulas II
** Cruise: AGU025
** Ship Station: AM00656
** Grid number: VOY-025-007
** Latitude: 61° 58.044 S
** Longitude: 30° 08.945 E
** Sounding: 5232.74
** Operator: Tahlia and Kirodh
# nquan = 22
# nvalues = 121                         
# units = specified
# name 0 = scan: Scan Count
# name 1 = prDM: Pressure, Digiquartz [db]
# name 2 = depSM: Depth [salt water, m]
# name 3 = t068C: Temperature [IPTS-68, deg C]
# name 4 = t090C: Temperature [ITS-90, deg C]
# name 5 = c0S/m: Conductivity [S/m]
# name 6 = sal00: Salinity, Practical [PSU]
# name 7 = sbeox0ML/L: Oxygen, SBE 43 [ml/l]
# name 8 = flECO-AFL: Fluorescence, WET Labs ECO-AFL/FL [mg/m^3]
# name 9 = v0: Voltage 0
# name 10 = v1: Voltage 1
# name 11 = v2: Voltage 2
# name 12 = v3: Voltage 3
# name 13 = v4: Voltage 4
# name 14 = v5: Voltage 5
# name 15 = v6: Voltage 6
# name 16 = v7: Voltage 7
# name 17 = par: PAR/Irradiance, Biospherical/Licor
# name 18 = sal00: Salinity, Practical [PSU]
# name 19 = density00: Density [density, kg/m^3]
# name 20 = svCM: Sound Velocity [Chen-Millero, m/s]
# name 21 = flag: flag
# span 0 =       1493,      15214       
# span 1 =      1.000,     61.000       
# span 2 =      0.998,     60.411       
# span 3 =    -1.8313,    -1.8023       
# span 4 =    -1.8309,    -1.8019       
# span 5 =   2.672946,   2.716196       
# span 6 =    33.9512,    34.5960       
# span 7 =     5.8630,     9.3559       
# span 8 =     0.2618,     0.4207       
# span 9 =     2.4711,     3.0196       
# span 10 =     0.0936,     0.1201      
# span 11 =     2.9516,     4.6592      
# span 12 =     2.2687,     4.6541      
# span 13 =     0.0916,     0.4869      
# span 14 =     4.9303,     4.9305      
# span 15 =     0.0024,     1.4895      
# span 16 =     0.0897,     4.9377      
# span 17 = -1.891e-08, 2.5955e+00      
# span 18 =    33.9529,    34.5412      
# span 19 =  1027.3382,  1027.8258      
# span 20 =    1439.14,    1440.24      
# span 21 = 0.0000e+00, 0.0000e+00      
# interval = decibars: 1                
# start_time = Jul 04 2017 22:27:52 [NMEA time, header]
# bad_flag = -9.990e-29
*END*
       1493      1.000      0.998    -1.8150    -1.8146   2.693931    34.3350     8.1918     0.2618     2.8999     0.0936     2.9516     2.2687     0.4869     4.9304     1.4895     0.1025 2.5955e+00    34.2284  1027.5589    1439.59 0.0000e+00
       1525      2.000      1.970    -1.8172    -1.8168   2.703053    34.4447     9.3559     0.3096     3.0196     0.1016     4.5059     4.1060     0.0966     4.9304     1.2761     0.0897 1.5351e+00    34.3579  1027.6691    1439.78 0.0000e+00
       1610      3.000      2.991    -1.8170    -1.8166   2.716196    34.5960     7.2966     0.3088     2.7431     0.1014     4.3741     4.1213     0.1066     4.9304     0.9300     0.0994 6.6268e-01    34.5412  1027.8230    1440.04 0.0000e+00
       1694      4.000      3.947    -1.8163    -1.8159   2.706275    34.4327     5.8630     0.3002     2.5548     0.1000     4.5027     4.2693     0.1039     4.9304     0.7388     0.1517 3.7965e-01    34.4006  1027.7135    1439.87 0.0000e+00
       1776      5.000      4.988    -1.8146    -1.8142   2.715897    34.5589     6.8405     0.3358     2.6349     0.1060     4.5515     4.4047     0.0966     4.9304     0.8049     0.1099 4.8084e-01    34.5329  1027.8258    1440.07 0.0000e+00
       1842      6.000      5.940    -1.8136    -1.8132   2.699922    34.3242     6.8344     0.2925     2.6526     0.0988     4.6271     4.5098     0.0940     4.9304     0.8665     2.9581 5.4077e-01    34.3073  1027.6471    1439.79 0.0000e+00
       1880      7.000      6.955    -1.8138    -1.8134   2.702134    34.3492     6.7365     0.3114     2.6358     0.1019     4.6183     4.6045     0.0948     4.9303     0.7813     4.1680 4.2998e-01    34.3379  1027.6769    1439.85 0.0000e+00
       2113      8.000      7.938    -1.8128    -1.8124   2.704385    34.3714     6.7343     0.2944     2.6176     0.0990     4.6086     4.5853     0.0946     4.9304     0.7293     3.5330 3.7057e-01    34.3675  1027.7058    1439.91 0.0000e+00
       2363      9.000      8.919    -1.8143    -1.8139   2.702737    34.3481     6.8507     0.3135     2.5440     0.1023     4.6381     4.6298     0.0935     4.9304     0.7295     4.7352 3.7249e-01    34.3456  1027.6928    1439.89 0.0000e+00
       2687     10.000      9.902    -1.8141    -1.8137   2.690880    34.1801     6.4342     0.3150     2.4810     0.1025     4.6513     4.6536     0.0917     4.9304     0.6309     4.9377 2.7777e-01    34.1788  1027.5620    1439.68 0.0000e+00
       2747     11.000     10.895    -1.8124    -1.8119   2.696271    34.2524     6.6878     0.3326     2.4883     0.1054     4.6537     4.6522     0.0934     4.9304     0.5807     4.9377 2.3861e-01    34.2516  1027.6259    1439.80 0.0000e+00
       2840     12.000     11.867    -1.8113    -1.8108   2.689941    34.1614     6.7401     0.3229     2.5105     0.1038     4.6531     4.6517 -9.990e-29     4.9304     0.5046     4.9377 1.8565e-01    34.1611  1027.5571    1439.70 0.0000e+00
       2857     13.000     12.877    -1.8129    -1.8124   2.682649    34.0611     6.5806     0.3048     2.4917     0.1008     4.6535     4.6529 -9.990e-29     4.9304     0.4942     4.9377 1.7949e-01    34.0604  1027.4801    1439.57 0.0000e+00
       2875     14.000     13.868    -1.8131    -1.8126   2.677782    33.9921     6.4606     0.3092     2.4759     0.1015     4.6537     4.6538 -9.990e-29     4.9304     0.5010     4.9377 1.8367e-01    33.9920  1027.4293    1439.49 0.0000e+00
       2895     15.000     14.867    -1.8126    -1.8121   2.677077    33.9813     6.4750     0.3299     2.4711     0.1050     4.6534     4.6538     0.0931     4.9304     0.4906     4.9377 1.7736e-01    33.9809  1027.4251    1439.49 0.0000e+00
       2961     16.000     15.849    -1.8118    -1.8114   2.676944    33.9778     7.2070     0.3337     2.5640     0.1056     4.6530     4.6538     0.0922     4.9304     0.4427     4.9377 1.5117e-01    33.9775  1027.4272    1439.51 0.0000e+00
       3063     17.000     16.835    -1.8125    -1.8120   2.676693    33.9743     7.6269     0.3174     2.6891     0.1029     4.6541     4.6540     0.0918     4.9304     0.3598     4.9377 1.0897e-01    33.9741  1027.4292    1439.52 0.0000e+00
       3220     18.000     17.832    -1.8097    -1.8092   2.676985    33.9744     7.5723     0.3376     2.7169     0.1063     4.6547     4.6541     0.0924     4.9304     0.3406     4.9377 1.0060e-01    33.9744  1027.4342    1439.55 0.0000e+00
       4364     19.000     18.823    -1.8127    -1.8122   2.676381    33.9688     7.5543     0.3229     2.7283     0.1038     4.6555     4.6511     0.0934     4.9304     0.3149     4.9377 9.0916e-02    33.9687  1027.4345    1439.54 0.0000e+00
       6089     20.000     19.812    -1.8121    -1.8117   2.676349    33.9669     7.5539     0.3342     2.7275     0.1057     4.6554     4.6469     0.0943     4.9304     0.2805     4.9376 7.9455e-02    33.9670  1027.4379    1439.56 0.0000e+00
       6454     21.000     20.787    -1.8130    -1.8125   2.676277    33.9664     7.5446     0.3898     2.7248     0.1150     4.6537     4.6471     0.0935     4.9304     0.1419     4.9376 3.1893e-02    33.9663  1027.4422    1439.57 0.0000e+00
       6462     22.000     21.785    -1.8129    -1.8125   2.676362    33.9668     7.5491     0.3728     2.7248     0.1121     4.6557     4.6470     0.0940     4.9304     0.1226     4.9375 2.7272e-02    33.9668  1027.4474    1439.59 0.0000e+00
       6483     23.000     22.786    -1.8125    -1.8121   2.676489    33.9675     7.5479     0.3299     2.7248     0.1050     4.6555     4.6467     0.0940     4.9304     0.1085     4.9376 2.3639e-02    33.9675  1027.4528    1439.61 0.0000e+00
       6556     24.000     23.778    -1.8078    -1.8074   2.677232    33.9717     7.5503     0.3098     2.7248     0.1016     4.6566     4.6458     0.0937     4.9304     0.1017     4.9374 2.1910e-02    33.9718  1027.4610    1439.65 0.0000e+00
       6708     25.000     24.759    -1.8120    -1.8116   2.676651    33.9679     7.5511     0.2946     2.7243     0.0991     4.6571     4.6462     0.0952     4.9304     0.1142     4.9374 2.5048e-02    33.9679  1027.4628    1439.64 0.0000e+00
       6728     26.000     25.753    -1.8089    -1.8085   2.677216    33.9715     7.5541     0.2909     2.7245     0.0985     4.6578     4.6462     0.0931     4.9304     0.0939     4.9373 2.0066e-02    33.9716  1027.4705    1439.68 0.0000e+00
       6750     27.000     26.747    -1.8054    -1.8050   2.677746    33.9741     7.5487     0.2936     2.7243     0.0989     4.6566     4.6432     0.0928     4.9304     0.0709     4.9375 1.4623e-02    33.9743  1027.4775    1439.71 0.0000e+00
       6807     28.000     27.733    -1.8057    -1.8052   2.677755    33.9739     7.5433     0.3142     2.7233     0.1023     4.6567     4.6457     0.0931     4.9304     0.0538     4.9374 1.0744e-02    33.9741  1027.4821    1439.73 0.0000e+00
       6913     29.000     28.715    -1.8057    -1.8053   2.677829    33.9745     7.5339     0.3590     2.7211     0.1098     4.6576     4.6465     0.0924     4.9304     0.0175     4.9375 3.0691e-03    33.9745  1027.4873    1439.75 0.0000e+00
       6940     30.000     29.711    -1.8056    -1.8051   2.677888    33.9745     7.5362     0.3416     2.7207     0.1069     4.6569     4.6462     0.0949     4.9304     0.0026     4.9372 4.4098e-05    33.9745  1027.4921    1439.76 0.0000e+00
       6977     31.000     30.705    -1.8058    -1.8054   2.677842    33.9735     7.5331     0.3138     2.7200     0.1023     4.6568     4.6467     0.0941     4.9304     0.0061     4.9372 7.5795e-04    33.9736  1027.4961    1439.78 0.0000e+00
       7050     32.000     31.689    -1.8059    -1.8054   2.677871    33.9734     7.5415     0.3315     2.7203     0.1052     4.6572     4.6468     0.0930     4.9304     0.0035     4.9373 2.2959e-04    33.9734  1027.5009    1439.79 0.0000e+00
       7102     33.000     32.678    -1.8070    -1.8065   2.677764    33.9725     7.5413     0.3055     2.7202     0.1009     4.6576     4.6465     0.0918     4.9304     0.0034     4.9373 2.0835e-04    33.9725  1027.5050    1439.80 0.0000e+00
       7137     34.000     33.670    -1.8067    -1.8063   2.677903    33.9735     7.5432     0.3257     2.7203     0.1043     4.6563     4.6455     0.0934     4.9304     0.0032     4.9373 3.7615e-05    33.9735  1027.5106    1439.82 0.0000e+00
       7167     35.000     34.660    -1.8054    -1.8050   2.678248    33.9761     7.5399     0.3238     2.7199     0.1039     4.6567     4.6452     0.0945     4.9304     0.0024     4.9375 -1.891e-08    33.9762  1027.5176    1439.85 0.0000e+00
       7193     36.000     35.651    -1.8052    -1.8048   2.678315    33.9763     7.5422     0.3509     2.7199     0.1085     4.6566     4.6440     0.0941     4.9304     0.0024     4.9373 1.0000e-12    33.9763  1027.5225    1439.86 0.0000e+00
       7219     37.000     36.644    -1.8053    -1.8049   2.678376    33.9765     7.5398     0.3580     2.7194     0.1097     4.6569     4.6451     0.0933     4.9304     0.0024     4.9374 1.0000e-12    33.9766  1027.5275    1439.88 0.0000e+00
       7250     38.000     37.639    -1.8052    -1.8048   2.678422    33.9764     7.5401     0.3326     2.7192     0.1054     4.6576     4.6455     0.0944     4.9304     0.0024     4.9374 1.0000e-12    33.9765  1027.5323    1439.90 0.0000e+00
       7470     39.000     38.616    -1.8056    -1.8052   2.678493    33.9773     7.5376     0.3240     2.7177     0.1040     4.6584     4.6435     0.0928     4.9304     0.0024     4.9375 1.0000e-12    33.9773  1027.5378    1439.91 0.0000e+00
       7483     40.000     39.615    -1.8058    -1.8054   2.678539    33.9776     7.5390     0.3275     2.7178     0.1046     4.6565     4.6434     0.0928     4.9304     0.0024     4.9374 1.0000e-12    33.9775  1027.5428    1439.93 0.0000e+00
       7495     41.000     40.605    -1.8057    -1.8052   2.678581    33.9774     7.5394     0.3150     2.7176     0.1025     4.6557     4.6438     0.0929     4.9304     0.0024     4.9374 1.0000e-12    33.9773  1027.5474    1439.94 0.0000e+00
       7507     42.000     41.595    -1.8058    -1.8053   2.678639    33.9777     7.5386     0.2906     2.7174     0.0984     4.6559     4.6449     0.0916     4.9304     0.0024     4.9373 1.0000e-12    33.9776  1027.5525    1439.96 0.0000e+00
       7519     43.000     42.597    -1.8059    -1.8055   2.678698    33.9780     7.5368     0.2927     2.7171     0.0988     4.6562     4.6449     0.0916     4.9304     0.0024     4.9374 1.0000e-12    33.9780  1027.5576    1439.97 0.0000e+00
       7591     44.000     43.603    -1.8067    -1.8062   2.678740    33.9788     7.7005     0.3003     2.7443     0.1000     4.6570     4.6455     0.0924     4.9304     0.0024     4.9374 1.0000e-12    33.9788  1027.5631    1439.99 0.0000e+00
       7801     45.000     44.574    -1.8079    -1.8074   2.678808    33.9806     7.6996     0.3282     2.7619     0.1047     4.6569     4.6452     0.0921     4.9304     0.0024     4.9375 1.0000e-12    33.9805  1027.5693    1440.00 0.0000e+00
       7852     46.000     45.557    -1.8076    -1.8071   2.678856    33.9802     7.7050     0.3166     2.7631     0.1028     4.6565     4.6449     0.0929     4.9304     0.0024     4.9373 1.0000e-12    33.9801  1027.5739    1440.02 0.0000e+00
       7915     47.000     46.543    -1.8093    -1.8089   2.678868    33.9818     7.7042     0.3099     2.7632     0.1016     4.6569     4.6454     0.0921     4.9304     0.0024     4.9373 1.0000e-12    33.9817  1027.5800    1440.03 0.0000e+00
       7971     48.000     47.538    -1.8099    -1.8095   2.678897    33.9822     7.6986     0.3069     2.7626     0.1012     4.6576     4.6448     0.0924     4.9304     0.0024     4.9372 1.0000e-12    33.9822  1027.5853    1440.04 0.0000e+00
       8109     49.000     48.523    -1.8076    -1.8072   2.678985    33.9801     7.7142     0.2909     2.7641     0.0985     4.6570     4.6448     0.0928     4.9304     0.0024     4.9374 1.0000e-12    33.9801  1027.5883    1440.07 0.0000e+00
       8172     50.000     49.508    -1.8087    -1.8082   2.679028    33.9813     7.7078     0.2748     2.7640     0.0958     4.6568     4.6450     0.0919     4.9304     0.0024     4.9373 1.0000e-12    33.9813  1027.5941    1440.08 0.0000e+00
       8198     51.000     50.498    -1.8088    -1.8083   2.679091    33.9816     7.7012     0.3064     2.7635     0.1010     4.6571     4.6443     0.0929     4.9305     0.0024     4.9375 1.0000e-12    33.9816  1027.5993    1440.10 0.0000e+00
       8219     52.000     51.493    -1.8092    -1.8088   2.679121    33.9819     7.7068     0.3255     2.7635     0.1042     4.6576     4.6439     0.0928     4.9304     0.0024     4.9373 1.0000e-12    33.9819  1027.6043    1440.11 0.0000e+00
       8237     53.000     52.489    -1.8086    -1.8081   2.679181    33.9813     7.7124     0.3347     2.7636     0.1058     4.6572     4.6445     0.0928     4.9304     0.0024     4.9371 1.0000e-12    33.9813  1027.6086    1440.13 0.0000e+00
       8258     54.000     53.484    -1.8095    -1.8091   2.679200    33.9821     7.7124     0.3571     2.7635     0.1095     4.6579     4.6447     0.0921     4.9304     0.0024     4.9374 1.0000e-12    33.9821  1027.6141    1440.14 0.0000e+00
       8380     55.000     54.470    -1.8114    -1.8110   2.679203    33.9838     7.7117     0.3475     2.7632     0.1080     4.6583     4.6448     0.0916     4.9304     0.0024     4.9371 1.0000e-12    33.9837  1027.6203    1440.15 0.0000e+00
       8538     56.000     55.448    -1.8131    -1.8127   2.679261    33.9859     7.7125     0.2938     2.7625     0.0990     4.6586     4.6441     0.0916     4.9304     0.0024     4.9373 1.0000e-12    33.9858  1027.6269    1440.16 0.0000e+00
       8556     57.000     56.447    -1.8169    -1.8165   2.679284    33.9901     7.7103     0.3154     2.7620     0.1026     4.6592     4.6441     0.0916     4.9304     0.0024     4.9374 1.0000e-12    33.9898  1027.6351    1440.16 0.0000e+00
       8574     58.000     57.440    -1.8182    -1.8178   2.679319    33.9914     7.7070     0.3073     2.7618     0.1012     4.6570     4.6443     0.0937     4.9304     0.0024     4.9373 1.0000e-12    33.9912  1027.6410    1440.18 0.0000e+00
       8595     59.000     58.436    -1.8183    -1.8179   2.679356    33.9913     7.7063     0.2959     2.7614     0.0993     4.6571     4.6452     0.0934     4.9304     0.0024     4.9372 1.0000e-12    33.9911  1027.6458    1440.19 0.0000e+00
       8668     60.000     59.422    -1.8165    -1.8161   2.679407    33.9892     7.7045     0.3020     2.7609     0.1003     4.6583     4.6446     0.0929     4.9304     0.0024     4.9373 1.0000e-12    33.9891  1027.6490    1440.21 0.0000e+00
       9010     61.000     60.411    -1.8131    -1.8127   2.679529    33.9862     7.7022     0.3416     2.7599     0.1069     4.6592     4.6442     0.0921     4.9304     0.0024     4.9371 1.0000e-12    33.9863  1027.6514    1440.24 0.0000e+00
       9134     60.000     59.423    -1.8123    -1.8118   2.679516    33.9857     7.6982     0.3259     2.7580     0.1043     4.6575     4.6430     0.0916     4.9305     0.0024     4.9374 1.0000e-12    33.9858  1027.6461    1440.23 0.0000e+00
       9145     59.000     58.429    -1.8117    -1.8113   2.679465    33.9850     7.7027     0.2853     2.7585     0.0976     4.6567     4.6430     0.0925     4.9304     0.0024     4.9373 1.0000e-12    33.9851  1027.6407    1440.22 0.0000e+00
       9168     58.000     57.430    -1.8110    -1.8105   2.679389    33.9837     7.7027     0.3188     2.7588     0.1031     4.6556     4.6428     0.0920     4.9304     0.0024     4.9373 1.0000e-12    33.9838  1027.6348    1440.20 0.0000e+00
       9238     57.000     56.439    -1.8107    -1.8103   2.679319    33.9831     7.7095     0.2817     2.7600     0.0969     4.6579     4.6420     0.0919     4.9304     0.0024     4.9370 1.0000e-12    33.9832  1027.6295    1440.19 0.0000e+00
