ESIM_AntTest/NK03_ice.cnv
* Sea-Bird SBE 9 Data File:
* FileName = C:\CTD Data\AGU025_WINTER_JUNE2017\NK03_ice.hex
* Software Version Seasave V 7.23.2
* Temperature SN = 5509
* Conductivity SN = 3875
* Number of Bytes Per Scan = 40
* Number of Voltage Words = 5
* Number of Scans Averaged by the Deck Unit = 1
* NMEA Latitude = 61 58.16 S
* NMEA Longitude = 030 09.44 E
* NMEA UTC (Time) = Jul 04 2017 22:27:52
* NMEA baud rate = 4800
** Ship: SA Aghulas II
** Cruise: AGU025
** Ship Station: AM00656
** Grid number: VOY-025-007
** Latitude: 61° 58.044 S
** Longitude: 30° 08.945 E
** Sounding: 5232.74
** Operator: Tahlia and Kirodh
# nquan = 22
# nvalues = 121                         
# units = specified
# name 0 = scan: Scan Count
# name 1 = prDM: Pressure, Digiquartz [db]
# name 2 = depSM: Depth [salt water, m]
# name 3 = t068C: Temperature [IPTS-68, deg C]
# name 4 = t090C: Temperature [ITS-90, deg C]
# name 5 = c0S/m: Conductivity [S/m]
# name 6 = sal00: Salinity, Practical [PSU]
# name 7 = sbeox0ML/L: Oxygen, SBE 43 [ml/l]
# name 8 = flECO-AFL: Fluorescence, WET Labs ECO-AFL/FL [mg/m^3]
# name 9 = v0: Voltage 0
# name 10 = v1: Voltage 1
# name 11 = v2: Voltage 2
# name 12 = v3: Voltage 3
# name 13 = v4: Voltage 4
# name 14 = v5: Voltage 5
# name 15 = v6: Voltage 6
# name 16 = v7: Voltage 7
# name 17 = par: PAR/Irradiance, Biospherical/Licor
# name 18 = sal00: Salinity, Practical [PSU]
# name 19 = density00: Density [density, kg/m^3]
# name 20 = svCM: Sound Velocity [Chen-Millero, m/s]
# name 21 = flag: flag
# span 0 =       1493,      15214       
# span 1 =      1.000,     61.000       
# span 2 =      0.998,     60.411       
# span 3 =    -1.8313,    -1.8023       
# span 4 =    -1.8309,    -1.8019       
# span 5 =   2.672946,   2.716196       
# span 6 =    33.9512,    34.5960       
# span 7 =     5.8630,     9.3559       
# span 8 =     0.2618,     0.4207       
# span 9 =     2.4711,     3.0196       
# span 10 =     0.0936,     0.1201      
# span 11 =     2.9516,     4.6592      
# span 12 =     2.2687,     4.6541      
# span 13 =     0.0916,     0.4869      
# span 14 =     4.9303,     4.9305      
# span 15 =     0.0024,     1.4895      
# span 16 =     0.0897,     4.9377      
# span 17 = -1.891e-08, 2.5955e+00      
# span 18 =    33.9529,    34.5412      
# span 19 =  1027.3382,  1027.8258      
# span 20 =    1439.14,    1440.24      
# span 21 = 0.0000e+00, 0.0000e+00      
# interval = decibars: 1                
# start_time = Jul 04 2017 22:27:52 [NMEA time, header]
# bad_flag = -9.990e-29
*END*
[from data line 66]
       9520     55.000     54.468    -1.8084    -1.8079   2.679296    33.9814     7.7066     0.3029     2.7619     0.1005     4.6555     4.6413     0.0929     4.9304     0.0024     4.9373 1.0000e-12    33.9814  1027.6184    1440.16 0.0000e+00
       9575     54.000     53.476    -1.8081    -1.8077   2.679230    33.9808     7.7046     0.2811     2.7619     0.0969     4.6571     4.6412 -9.990e-29     4.9304     0.0024     4.9373 1.0000e-12    33.9808  1027.6131    1440.15 0.0000e+00
       9607     53.000     52.479    -1.8084    -1.8080   2.679141    33.9806     7.7055     0.3261     2.7620     0.1044     4.6577     4.6415     0.0925     4.9304     0.0024     4.9373 1.0000e-12    33.9806  1027.6081    1440.13 0.0000e+00
       9794     52.000     51.498    -1.8090    -1.8086   2.679002    33.9800     7.7062     0.3229     2.7622     0.1038     4.6567     4.6415     0.0928     4.9304     0.0024     4.9372 1.0000e-12    33.9800  1027.6028    1440.11 0.0000e+00
       9869     51.000     50.506    -1.8092    -1.8088   2.678968    33.9804     7.7039     0.3069     2.7623     0.1012     4.6573     4.6406     0.0940     4.9304     0.0024     4.9373 1.0000e-12    33.9805  1027.5983    1440.09 0.0000e+00
       9900     50.000     49.513    -1.8093    -1.8089   2.678916    33.9804     7.7096     0.3629     2.7626     0.1105     4.6568     4.6412     0.0932     4.9304     0.0024     4.9373 1.0000e-12    33.9804  1027.5935    1440.08 0.0000e+00
       9937     49.000     48.525    -1.8088    -1.8083   2.678882    33.9800     7.6984     0.3978     2.7621     0.1163     4.6569     4.6404     0.0925     4.9304     0.0024     4.9372 1.0000e-12    33.9800  1027.5883    1440.06 0.0000e+00
       9976     48.000     47.532    -1.8075    -1.8071   2.678885    33.9791     7.6951     0.3398     2.7616     0.1066     4.6576     4.6408     0.0924     4.9304     0.0024     4.9373 1.0000e-12    33.9792  1027.5828    1440.05 0.0000e+00
      10075     47.000     46.545    -1.8046    -1.8042   2.678977    33.9777     7.7006     0.3100     2.7616     0.1017     4.6565     4.6409     0.0920     4.9304     0.0024     4.9372 1.0000e-12    33.9778  1027.5767    1440.05 0.0000e+00
      10231     46.000     45.560    -1.8023    -1.8019   2.679036    33.9766     7.7054     0.3323     2.7617     0.1054     4.6567     4.6403     0.0925     4.9304     0.0024     4.9371 1.0000e-12    33.9767  1027.5709    1440.04 0.0000e+00
      10255     45.000     44.567    -1.8032    -1.8028   2.678958    33.9772     7.7111     0.3321     2.7630     0.1054     4.6578     4.6397     0.0921     4.9304     0.0024     4.9373 1.0000e-12    33.9772  1027.5666    1440.02 0.0000e+00
      10279     44.000     43.574    -1.8034    -1.8029   2.678916    33.9774     7.7074     0.3093     2.7631     0.1016     4.6576     4.6387     0.0927     4.9304     0.0024     4.9373 1.0000e-12    33.9774  1027.5619    1440.00 0.0000e+00
      10306     43.000     42.578    -1.8036    -1.8032   2.678879    33.9778     7.6974     0.3113     2.7630     0.1019     4.6577     4.6396     0.0928     4.9305     0.0024     4.9373 1.0000e-12    33.9779  1027.5575    1439.99 0.0000e+00
      10348     42.000     41.587    -1.8054    -1.8049   2.678554    33.9760     7.7012     0.3189     2.7634     0.1032     4.6573     4.6398 -9.990e-29     4.9304     0.0024     4.9371 1.0000e-12    33.9760  1027.5512    1439.96 0.0000e+00
      10421     41.000     40.608    -1.8119    -1.8115   2.677502    33.9697     7.7053     0.3202     2.7643     0.1034     4.6577     4.6399     0.0931     4.9304     0.0024     4.9372 1.0000e-12    33.9695  1027.5412    1439.90 0.0000e+00
      10465     40.000     39.608    -1.8147    -1.8143   2.676999    33.9665     7.7040     0.3382     2.7644     0.1064     4.6570     4.6393     0.0928     4.9304     0.0024     4.9373 1.0000e-12    33.9662  1027.5338    1439.87 0.0000e+00
      10622     39.000     38.631    -1.8179    -1.8175   2.676419    33.9626     7.7190     0.3304     2.7681     0.1051     4.6548     4.6385     0.0928     4.9304     0.0024     4.9372 1.0000e-12    33.9625  1027.5261    1439.83 0.0000e+00
      10660     38.000     37.635    -1.8192    -1.8188   2.676250    33.9624     7.7237     0.3322     2.7689     0.1054     4.6550     4.6383     0.0917     4.9304     0.0024     4.9372 1.0000e-12    33.9622  1027.5211    1439.81 0.0000e+00
      10687     37.000     36.637    -1.8209    -1.8204   2.676065    33.9624     7.7219     0.3379     2.7692     0.1063     4.6559     4.6378     0.0926     4.9304     0.0024     4.9373 1.0000e-12    33.9622  1027.5162    1439.78 0.0000e+00
      10727     36.000     35.647    -1.8199    -1.8195   2.676181    33.9635     7.7177     0.3533     2.7692     0.1089     4.6566     4.6368     0.0921     4.9304     0.0024     4.9372 1.0000e-12    33.9634  1027.5124    1439.78 0.0000e+00
      10904     35.000     34.666    -1.8209    -1.8205   2.675965    33.9622     7.7182     0.4207     2.7695     0.1201     4.6567     4.6370     0.0940     4.9304     0.0024     4.9372 1.0000e-12    33.9621  1027.5066    1439.75 0.0000e+00
      10934     34.000     33.670    -1.8206    -1.8202   2.675960    33.9623     7.7256     0.3439     2.7705     0.1073     4.6556     4.6377     0.0922     4.9305     0.0024     4.9372 1.0000e-12    33.9623  1027.5019    1439.74 0.0000e+00
      10981     33.000     32.680    -1.8189    -1.8184   2.676208    33.9644     7.7230     0.3391     2.7711     0.1065     4.6555     4.6378     0.0937     4.9304     0.0024     4.9374 1.0000e-12    33.9645  1027.4987    1439.73 0.0000e+00
      11215     32.000     31.696    -1.8183    -1.8178   2.676305    33.9657     7.7174     0.3016     2.7706     0.1003     4.6560     4.6377     0.0927     4.9304     0.0100     4.9374 1.5358e-03    33.9658  1027.4950    1439.72 0.0000e+00
      11239     31.000     30.703    -1.8189    -1.8184   2.676182    33.9654     7.7159     0.3145     2.7707     0.1025     4.6554     4.6378     0.0930     4.9305     0.0188     4.9375 3.3441e-03    33.9653  1027.4898    1439.70 0.0000e+00
      11262     30.000     29.704    -1.8195    -1.8191   2.676038    33.9648     7.7250     0.3005     2.7716     0.1001     4.6561     4.6375     0.0940     4.9304     0.0192     4.9375 3.4518e-03    33.9648  1027.4845    1439.68 0.0000e+00
      11315     29.000     28.712    -1.8209    -1.8204   2.675831    33.9641     7.7344     0.3227     2.7732     0.1038     4.6559     4.6368     0.0931     4.9304     0.0366     4.9374 7.0456e-03    33.9640  1027.4792    1439.66 0.0000e+00
      11511     28.000     27.730    -1.8215    -1.8211   2.675660    33.9631     7.7321     0.3193     2.7743     0.1032     4.6552     4.6370 -9.990e-29     4.9304     0.0862     4.9375 1.8411e-02    33.9631  1027.4736    1439.64 0.0000e+00
      11614     27.000     26.744    -1.8219    -1.8214   2.675587    33.9630     7.7221     0.3335     2.7742     0.1056     4.6566     4.6367     0.0919     4.9304     0.1093     4.9374 2.3775e-02    33.9630  1027.4687    1439.62 0.0000e+00
      11652     26.000     25.745    -1.8220    -1.8215   2.675541    33.9632     7.7288     0.3055     2.7746     0.1009     4.6565     4.6365     0.0927     4.9304     0.1407     4.9375 3.2069e-02    33.9632  1027.4640    1439.60 0.0000e+00
      11814     25.000     24.757    -1.8233    -1.8229   2.675284    33.9619     7.7264     0.3399     2.7747     0.1066     4.6567     4.6358     0.0928     4.9304     0.1661     4.9374 3.9078e-02    33.9618  1027.4581    1439.58 0.0000e+00
      11888     24.000     23.771    -1.8233    -1.8229   2.675268    33.9622     7.7359     0.2956     2.7758     0.0993     4.6568     4.6371     0.0931     4.9304     0.1728     4.9376 4.1006e-02    33.9621  1027.4536    1439.56 0.0000e+00
      11931     23.000     22.776    -1.8237    -1.8233   2.675146    33.9616     7.7343     0.3682     2.7766     0.1114     4.6556     4.6368     0.0926     4.9304     0.2108     4.9375 5.2610e-02    33.9616  1027.4483    1439.54 0.0000e+00
      12023     22.000     21.788    -1.8247    -1.8243   2.674937    33.9605     7.7292     0.3228     2.7762     0.1038     4.6506     4.6365     0.0936     4.9304     0.2261     4.9377 5.7524e-02    33.9604  1027.4425    1439.52 0.0000e+00
      12151     21.000     20.799    -1.8261    -1.8257   2.674661    33.9589     7.7255     0.3459     2.7752     0.1077     4.6459     4.6351     0.0940     4.9304     0.2211     4.9374 5.5896e-02    33.9588  1027.4365    1439.50 0.0000e+00
      12178     20.000     19.802    -1.8261    -1.8256   2.674634    33.9591     7.7285     0.3244     2.7757     0.1041     4.6548     4.6357     0.0936     4.9304     0.2594     4.9376 6.9004e-02    33.9590  1027.4318    1439.48 0.0000e+00
      12318     19.000     18.812    -1.8263    -1.8259   2.674623    33.9598     7.7386     0.3308     2.7778     0.1051     4.6539     4.6342     0.0926     4.9304     0.3047     4.9376 8.5834e-02    33.9598  1027.4276    1439.47 0.0000e+00
      12505     18.000     17.826    -1.8268    -1.8264   2.674523    33.9597     7.7363     0.3390     2.7788     0.1065     4.6541     4.6337     0.0944     4.9304     0.3376     4.9377 9.9786e-02    33.9597  1027.4227    1439.44 0.0000e+00
      12630     17.000     16.834    -1.8278    -1.8273   2.674331    33.9587     7.7373     0.3663     2.7788     0.1111     4.6544     4.6332     0.0938     4.9304     0.3957     4.9377 1.2593e-01    33.9587  1027.4171    1439.42 0.0000e+00
      12760     16.000     15.846    -1.8286    -1.8282   2.674149    33.9578     7.7363     0.3503     2.7799     0.1084     4.6503     4.6356     0.0927     4.9304     0.4456     4.9377 1.5180e-01    33.9578  1027.4116    1439.40 0.0000e+00
      12916     15.000     14.860    -1.8283    -1.8278   2.674111    33.9575     7.7326     0.3436     2.7793     0.1073     4.6560     4.6341 -9.990e-29     4.9304     0.4302     4.9377 1.4329e-01    33.9575  1027.4064    1439.39 0.0000e+00
      12967     14.000     13.868    -1.8286    -1.8282   2.674054    33.9577     7.7392     0.3698     2.7799     0.1116     4.6549     4.6343 -9.990e-29     4.9304     0.4428     4.9377 1.5001e-01    33.9577  1027.4019    1439.37 0.0000e+00
      13000     13.000     12.873    -1.8286    -1.8281   2.673995    33.9575     7.7357     0.3124     2.7801     0.1021     4.6547     4.6336     0.0928     4.9304     0.4687     4.9377 1.6454e-01    33.9575  1027.3968    1439.35 0.0000e+00
      13188     12.000     11.878    -1.8290    -1.8285   2.673910    33.9574     7.7366     0.3115     2.7803     0.1019     4.6562     4.6350     0.0928     4.9304     0.5303     4.9377 2.0301e-01    33.9574  1027.3919    1439.34 0.0000e+00
      14594     11.000     10.892    -1.8286    -1.8282   2.673943    33.9581     7.7350     0.3330     2.7815     0.1055     4.6552     4.6340     0.0935     4.9304     0.6428     4.9377 2.8809e-01    33.9581  1027.3877    1439.32 0.0000e+00
      14743     10.000      9.907    -1.8287    -1.8283   2.673886    33.9580     7.7380     0.3251     2.7825     0.1042     4.6558     4.6331     0.0928     4.9304     0.7035     4.9377 3.4369e-01    33.9580  1027.3828    1439.30 0.0000e+00
      14800      9.000      8.918    -1.8279    -1.8275   2.673900    33.9579     7.7467     0.2995     2.7835     0.0999     4.6563     4.6329     0.0928     4.9304     0.7046     4.9377 3.4481e-01    33.9579  1027.3778    1439.29 0.0000e+00
      14825      8.000      7.929    -1.8285    -1.8281   2.673789    33.9578     7.7364     0.3288     2.7830     0.1048     4.6547     4.6317     0.0928     4.9304     0.7253     4.9377 3.6570e-01    33.9578  1027.3729    1439.27 0.0000e+00
      14848      7.000      6.927    -1.8298    -1.8294   2.673645    33.9580     7.7295     0.3177     2.7825     0.1030     4.6547     4.6080     0.0928     4.9305     0.7497     2.6693 3.9166e-01    33.9579  1027.3682    1439.25 0.0000e+00
      14878      6.000      5.932    -1.8311    -1.8307   2.673369    33.9568     7.7258     0.3170     2.7819     0.1028     4.5923     4.5634     0.0928     4.9304     0.8011     1.9549 4.5264e-01    33.9562  1027.3620    1439.23 0.0000e+00
      15014      5.000      4.954    -1.8306    -1.8301   2.673470    33.9576     7.7403     0.3137     2.7838     0.1023     4.5640     4.5332     0.0933     4.9305     0.8390     4.9284 5.0280e-01    33.9576  1027.3583    1439.21 0.0000e+00
      15035      4.000      3.959    -1.8305    -1.8301   2.673432    33.9576     7.7396     0.3429     2.7840     0.1071     4.6303     4.4139     0.0940     4.9304     0.8334     2.6062 4.9479e-01    33.9576  1027.3535    1439.20 0.0000e+00
      15082      3.000      2.964    -1.8309    -1.8305   2.673321    33.9572     7.7390     0.3251     2.7843     0.1042     4.6257     4.5687     0.0940     4.9304     1.0274     0.1769 8.2907e-01    33.9572  1027.3484    1439.18 0.0000e+00
      15175      2.000      1.978    -1.8312    -1.8308   2.672946    33.9512     7.7362     0.3224     2.7852     0.1037     4.6356     4.6061     0.0940     4.9305     1.0019     0.1293 7.7516e-01    33.9529  1027.3400    1439.16 0.0000e+00
      15214      1.000      1.005    -1.8313    -1.8309   2.673154    33.9566     7.7306     0.3437     2.7844     0.1073     4.6345     4.6077     0.0970     4.9304     1.3508     0.1012 1.9616e+00    33.9566  1027.3382    1439.14 0.0000e+00
