ESIM_AntTest/Winter2017_M03_IceHandheld.cnv
* Sea-Bird SBE19plus Data File:
* FileName = C:\Users\01375159\Desktop\SeaBird Raw Data\SBE19plus_01907532_2017_07_04_00112.hex
* Software Version 1.59
* Temperature SN =  7532
* Conductivity SN =  7532
* System UpLoad Time = Jul 17 2017 14:09:03
* NMEA Latitude = 61 58.16 S
* NMEA Longitude = 030 09.44 E
* NMEA UTC (Time) = 04 Jul 2017 15:54:29
# nquan = 11
# nvalues = 2717                                  
# units = specified
# name 0 = c0mS/cm: Conductivity [mS/cm]
# name 1 = depSM: Depth [salt water, m], lat = 34.00
# name 2 = sbeox0ML/L: Oxygen, SBE 43 [ml/l]
# name 3 = sbeox0PS: Oxygen, SBE 43 [% saturation]
# name 4 = potemp090C: Potential Temperature [ITS-90, deg C]
# name 5 = potemp068C: Potential Temperature [IPTS-68, deg C]
# name 6 = sal00: Salinity, Practical [PSU]
# name 7 = tv290C: Temperature [ITS-90, deg C]
# name 8 = tv268C: Temperature [IPTS-68, deg C]
# name 9 = timeS: Time, Elapsed [seconds]
# name 10 = flag:  0.000e+00
# span 0 =   0.000349,  26.753310                 
# span 1 =     -0.560,     45.271                 
# span 2 =   -93.7645,    10.3191                 
# span 3 =     72.388,    117.076                 
# span 4 =    -2.2442,    -1.6266                 
# span 5 =    -2.2447,    -1.6270                 
# span 6 =    -0.0036,    34.0105                 
# span 7 =    -2.2442,    -1.6266                 
# span 8 =    -2.2447,    -1.6269                 
# span 9 =      0.000,    679.000                 
# span 10 = 0.0000e+00, 0.0000e+00                
# interval = seconds: 0.25
# start_time = Jul 04 2017 15:54:29 [Instrument's time stamp, header]
# bad_flag = -9.990e-29
*END*
[from data line 394]
   5.941884     -0.380    10.1497     98.288    -1.9700    -1.9705     6.7061    -1.9700    -1.9705     98.500  0.000e+00
   3.576206     -0.379    10.3191     97.891    -1.9931    -1.9936     3.9049    -1.9931    -1.9935     98.750  0.000e+00
   3.874051     -0.379    10.2436     97.370    -2.0094    -2.0099     4.2542    -2.0094    -2.0099     99.000  0.000e+00
   4.098762     -0.383    10.1687     96.821    -2.0162    -2.0167     4.5185    -2.0162    -2.0167     99.250  0.000e+00
   3.911005     -0.384    10.1152     96.155    -2.0181    -2.0186     4.2987    -2.0181    -2.0186     99.500  0.000e+00
   3.718612     -0.383    10.0792     95.659    -2.0186    -2.0190     4.0741    -2.0185    -2.0190     99.750  0.000e+00
   3.552095     -0.383    10.0490     95.241    -2.0187    -2.0192     3.8804    -2.0187    -2.0192    100.000  0.000e+00
   3.319991     -0.383    10.0337     94.914    -2.0189    -2.0194     3.6115    -2.0189    -2.0194    100.250  0.000e+00
   3.030585     -0.388    10.0339     94.689    -2.0194    -2.0198     3.2782    -2.0193    -2.0198    100.500  0.000e+00
   2.904039     -0.383    10.0091     94.357    -2.0198    -2.0203     3.1332    -2.0198    -2.0203    100.750  0.000e+00
   2.656439     -0.388    10.0137     94.204    -2.0219    -2.0224     2.8510    -2.0219    -2.0224    101.000  0.000e+00
   2.321048     -0.381    10.0271     94.063    -2.0269    -2.0273     2.4718    -2.0268    -2.0273    101.250  0.000e+00
   2.096471     -0.379    10.0288     93.894    -2.0330    -2.0335     2.2202    -2.0330    -2.0335    101.500  0.000e+00
   1.742305     -0.381    10.0561     93.868    -2.0393    -2.0398     1.8267    -2.0393    -2.0398    101.750  0.000e+00
   1.181698     -0.375    10.1035     93.886    -2.0447    -2.0452     1.2143    -2.0447    -2.0452    102.000  0.000e+00
   0.780848     -0.283    10.1333     93.869    -2.0474    -2.0479     0.7865    -2.0474    -2.0479    102.250  0.000e+00
  25.501872     -0.128     8.0820     93.858    -2.0423    -2.0428    32.4755    -2.0423    -2.0428    102.500  0.000e+00
  26.638997      0.052     7.9867     93.921    -1.9830    -1.9835    34.0026    -1.9830    -1.9835    102.750  0.000e+00
  26.639171      0.165     7.9904     94.067    -1.9248    -1.9253    33.9357    -1.9248    -1.9252    103.000  0.000e+00
  26.701932      0.276     7.9776     94.031    -1.8933    -1.8937    33.9873    -1.8933    -1.8937    103.250  0.000e+00
  26.700142      0.423     7.9823     94.117    -1.8753    -1.8758    33.9641    -1.8753    -1.8758    103.500  0.000e+00
  26.671287      0.520     7.9877     94.172    -1.8650    -1.8655    33.9118    -1.8650    -1.8655    103.750  0.000e+00
  26.668485      0.545     8.0086     94.423    -1.8609    -1.8613    33.9031    -1.8609    -1.8613    104.000  0.000e+00
  26.684699      0.568     8.0132     94.489    -1.8628    -1.8632    33.9280    -1.8628    -1.8632    104.250  0.000e+00
  26.681182      0.635     8.0520     94.941    -1.8641    -1.8645    33.9245    -1.8641    -1.8645    104.500  0.000e+00
  26.665505      0.670     8.0965     95.454    -1.8623    -1.8627    33.9005    -1.8623    -1.8627    104.750  0.000e+00
  26.673969      0.683     8.1580     96.186    -1.8632    -1.8637    33.9134    -1.8632    -1.8637    105.000  0.000e+00
  26.667949      0.670     8.2305     97.029    -1.8666    -1.8670    33.9088    -1.8666    -1.8670    105.250  0.000e+00
  26.681182      0.639     8.3113     97.991    -1.8682    -1.8687    33.9292    -1.8682    -1.8687    105.500  0.000e+00
  26.689051      0.635     8.3846     98.866    -1.8665    -1.8669    33.9382    -1.8665    -1.8669    105.750  0.000e+00
  26.681182      0.631     8.4642     99.802    -1.8640    -1.8644    33.9244    -1.8640    -1.8644    106.000  0.000e+00
  26.676771      0.646     8.5439    100.738    -1.8634    -1.8639    33.9175    -1.8634    -1.8639    106.250  0.000e+00
  26.663062      0.675     8.5916    101.288    -1.8626    -1.8631    33.8974    -1.8626    -1.8630    106.500  0.000e+00
  26.646436      0.648     8.6507    101.967    -1.8629    -1.8633    33.8745    -1.8629    -1.8633    106.750  0.000e+00
  26.655852      0.590     8.6804    102.306    -1.8738    -1.8742    33.9002    -1.8738    -1.8742    107.000  0.000e+00
  26.655138      0.568     8.7131    102.658    -1.8911    -1.8915    33.9191    -1.8911    -1.8915    107.250  0.000e+00
  26.646022      0.544     8.7335    102.871    -1.9001    -1.9006    33.9167    -1.9001    -1.9006    107.500  0.000e+00
  26.666820      0.572     8.7375    102.935    -1.9025    -1.9030    33.9485    -1.9025    -1.9030    107.750  0.000e+00
  26.661635      0.657     8.7412    102.977    -1.9005    -1.9009    33.9389    -1.9005    -1.9009    108.000  0.000e+00
  26.639349      0.688     8.7418    102.967    -1.8967    -1.8972    33.9033    -1.8967    -1.8972    108.250  0.000e+00
  26.639885      0.668     8.7339    102.865    -1.9022    -1.9027    33.9104    -1.9022    -1.9027    108.500  0.000e+00
  26.643104      0.571     8.7219    102.699    -1.9166    -1.9171    33.9315    -1.9166    -1.9171    108.750  0.000e+00
  26.646918      0.502     8.7096    102.538    -1.9273    -1.9277    33.9492    -1.9273    -1.9277    109.000  0.000e+00
  26.644594      0.482     8.7050    102.470    -1.9332    -1.9337    33.9527    -1.9332    -1.9337    109.250  0.000e+00
  26.637087      0.469     8.6950    102.344    -1.9333    -1.9338    33.9424    -1.9333    -1.9338    109.500  0.000e+00
  26.641794      0.486     8.6811    102.189    -1.9309    -1.9313    33.9461    -1.9308    -1.9313    109.750  0.000e+00
  26.642926      0.527     8.6722    102.095    -1.9258    -1.9263    33.9419    -1.9258    -1.9263    110.000  0.000e+00
  26.641436      0.612     8.6650    102.018    -1.9213    -1.9218    33.9346    -1.9213    -1.9218    110.250  0.000e+00
  26.632320      0.627     8.6511    101.853    -1.9169    -1.9174    33.9168    -1.9169    -1.9174    110.500  0.000e+00
  26.632857      0.576     8.6313    101.606    -1.9245    -1.9250    33.9262    -1.9245    -1.9250    110.750  0.000e+00
  26.637862      0.540     8.6200    101.453    -1.9374    -1.9379    33.9481    -1.9374    -1.9379    111.000  0.000e+00
  26.632680      0.518     8.6016    101.218    -1.9449    -1.9454    33.9495    -1.9449    -1.9454    111.250  0.000e+00
  26.635123      0.498     8.5863    101.037    -1.9463    -1.9467    33.9545    -1.9463    -1.9467    111.500  0.000e+00
  26.631429      0.495     8.5790    100.953    -1.9435    -1.9440    33.9461    -1.9435    -1.9440    111.750  0.000e+00
  26.624995      0.449     8.5754    100.911    -1.9395    -1.9400    33.9326    -1.9395    -1.9400    112.000  0.000e+00
  26.629880      0.380     8.5720    100.873    -1.9420    -1.9425    33.9423    -1.9420    -1.9425    112.250  0.000e+00
  26.637089      0.396     8.5785    100.944    -1.9487    -1.9491    33.9601    -1.9487    -1.9491    112.500  0.000e+00
  26.624757      0.407     8.5755    100.899    -1.9467    -1.9472    33.9405    -1.9467    -1.9472    112.750  0.000e+00
  26.623506      0.351     8.5749    100.899    -1.9425    -1.9430    33.9340    -1.9425    -1.9430    113.000  0.000e+00
  26.628629      0.295     8.5693    100.825    -1.9497    -1.9502    33.9494    -1.9497    -1.9502    113.250  0.000e+00
  26.623209      0.264     8.5515    100.600    -1.9550    -1.9555    33.9480    -1.9550    -1.9555    113.500  0.000e+00
  26.622137      0.233     8.5292    100.337    -1.9548    -1.9552    33.9462    -1.9548    -1.9552    113.750  0.000e+00
  26.624757      0.207     8.5114    100.133    -1.9530    -1.9535    33.9479    -1.9530    -1.9535    114.000  0.000e+00
  26.616418      0.176     8.4893     99.870    -1.9501    -1.9506    33.9329    -1.9501    -1.9506    114.250  0.000e+00
  26.618086      0.125     8.4592     99.521    -1.9486    -1.9491    33.9335    -1.9486    -1.9491    114.500  0.000e+00
  26.475936      0.121     8.4404     99.150    -1.9534    -1.9538    33.7396    -1.9534    -1.9538    114.750  0.000e+00
  26.640067      0.181     8.3996     98.831    -1.9536    -1.9541    33.9701    -1.9536    -1.9541    115.000  0.000e+00
  26.645906      0.272     8.3599     98.390    -1.9428    -1.9433    33.9658    -1.9428    -1.9432    115.250  0.000e+00
  26.639887      0.385     8.3326     98.082    -1.9323    -1.9327    33.9451    -1.9323    -1.9327    115.500  0.000e+00
  26.629521      0.521     8.3063     97.777    -1.9249    -1.9254    33.9221    -1.9249    -1.9254    115.750  0.000e+00
  26.620229      0.652     8.2663     97.305    -1.9203    -1.9207    33.9036    -1.9203    -1.9207    116.000  0.000e+00
  26.614213      0.768     8.2416     97.009    -1.9201    -1.9206    33.8950    -1.9201    -1.9206    116.250  0.000e+00
  26.609867      0.841     8.2247     96.787    -1.9300    -1.9304    33.9001    -1.9300    -1.9304    116.500  0.000e+00
  26.617253      0.901     8.2309     96.841    -1.9447    -1.9452    33.9274    -1.9447    -1.9452    116.750  0.000e+00
  26.623389      0.979     8.2452     96.995    -1.9559    -1.9564    33.9488    -1.9559    -1.9564    117.000  0.000e+00
  26.622973      1.085     8.2847     97.448    -1.9615    -1.9620    33.9546    -1.9615    -1.9619    117.250  0.000e+00
  26.611954      1.149     8.3266     97.937    -1.9577    -1.9582    33.9347    -1.9577    -1.9581    117.500  0.000e+00
  26.610763      1.149     8.4005     98.809    -1.9559    -1.9564    33.9310    -1.9559    -1.9564    117.750  0.000e+00
  26.617792      1.155     8.4907     99.862    -1.9637    -1.9642    33.9498    -1.9637    -1.9642    118.000  0.000e+00
  26.618150      1.189     8.5779    100.876    -1.9699    -1.9704    33.9575    -1.9699    -1.9704    118.250  0.000e+00
  26.614636      1.204     8.6737    101.994    -1.9723    -1.9728    33.9553    -1.9723    -1.9728    118.500  0.000e+00
  26.614934      1.200     8.7666    103.087    -1.9726    -1.9731    33.9560    -1.9726    -1.9731    118.750  0.000e+00
  26.614100      1.189     8.8626    104.214    -1.9731    -1.9736    33.9554    -1.9731    -1.9735    119.000  0.000e+00
  26.610288      1.149     8.9409    105.131    -1.9725    -1.9730    33.9494    -1.9725    -1.9729    119.250  0.000e+00
  26.617971      1.125     9.0095    105.946    -1.9725    -1.9730    33.9602    -1.9725    -1.9729    119.500  0.000e+00
  26.615291      1.125     9.0724    106.680    -1.9737    -1.9741    33.9577    -1.9736    -1.9741    119.750  0.000e+00
  26.610765      1.096     9.1268    107.317    -1.9731    -1.9736    33.9508    -1.9731    -1.9735    120.000  0.000e+00
  26.613028      1.070     9.1759    107.897    -1.9726    -1.9731    33.9534    -1.9726    -1.9731    120.250  0.000e+00
  26.618150      1.058     9.1929    108.100    -1.9740    -1.9745    33.9622    -1.9740    -1.9744    120.500  0.000e+00
  26.617256      1.050     9.2009    108.193    -1.9743    -1.9748    33.9613    -1.9743    -1.9748    120.750  0.000e+00
  26.610228      1.008     9.2140    108.345    -1.9714    -1.9719    33.9482    -1.9714    -1.9719    121.000  0.000e+00
  26.609870      0.923     9.2083    108.282    -1.9693    -1.9698    33.9453    -1.9693    -1.9698    121.250  0.000e+00
  26.618328      0.848     9.1934    108.111    -1.9720    -1.9725    33.9603    -1.9720    -1.9725    121.500  0.000e+00
  26.632147      0.818     9.1687    107.833    -1.9731    -1.9736    33.9810    -1.9731    -1.9735    121.750  0.000e+00
  26.652523      0.852     9.1376    107.509    -1.9634    -1.9639    33.9984    -1.9634    -1.9639    122.000  0.000e+00
  26.651092      0.951     9.0886    106.965    -1.9465    -1.9470    33.9769    -1.9465    -1.9470    122.250  0.000e+00
  26.626306      0.908     9.0431    106.434    -1.9311    -1.9315    33.9243    -1.9310    -1.9315    122.500  0.000e+00
  26.621243      0.735     9.0025    105.944    -1.9343    -1.9348    33.9211    -1.9343    -1.9348    122.750  0.000e+00
  26.615823      0.568     8.9514    105.312    -1.9468    -1.9473    33.9280    -1.9468    -1.9473    123.000  0.000e+00
  26.632681      0.499     8.9084    104.811    -1.9535    -1.9539    33.9593    -1.9534    -1.9539    123.250  0.000e+00
  26.672784      0.566     8.8237    103.864    -1.9490    -1.9495    34.0105    -1.9490    -1.9495    123.500  0.000e+00
  26.658121      0.608     8.7310    102.794    -1.9306    -1.9310    33.9686    -1.9306    -1.9310    123.750  0.000e+00
  26.631605      0.531     8.6304    101.609    -1.9170    -1.9175    33.9159    -1.9170    -1.9174    124.000  0.000e+00
  26.632499      0.362     8.5140    100.222    -1.9259    -1.9264    33.9275    -1.9259    -1.9264    124.250  0.000e+00
  26.638637      0.270     8.3812     98.631    -1.9445    -1.9450    33.9576    -1.9445    -1.9450    124.500  0.000e+00
  26.632859      0.202     8.2381     96.928    -1.9514    -1.9519    33.9574    -1.9514    -1.9519    124.750  0.000e+00
  26.627735      0.122     8.0951     95.245    -1.9493    -1.9498    33.9479    -1.9493    -1.9498    125.000  0.000e+00
  26.625471      0.031     7.9671     93.736    -1.9498    -1.9503    33.9453    -1.9498    -1.9502    125.250  0.000e+00
  26.618264     -0.078     7.8610     92.473    -1.9541    -1.9546    33.9402    -1.9541    -1.9546    125.500  0.000e+00
  26.613083     -0.165     7.7576     91.245    -1.9581    -1.9586    33.9376    -1.9581    -1.9586    125.750  0.000e+00
  26.605162     -0.209     7.6723     90.230    -1.9610    -1.9614    33.9298    -1.9610    -1.9614    126.000  0.000e+00
  26.594444     -0.185     7.6007     89.374    -1.9635    -1.9640    33.9177    -1.9635    -1.9640    126.250  0.000e+00
  26.592182     -0.132     7.5384     88.634    -1.9667    -1.9672    33.9181    -1.9667    -1.9672    126.500  0.000e+00
  26.604509     -0.064     7.4802     87.951    -1.9729    -1.9734    33.9426    -1.9729    -1.9734    126.750  0.000e+00
  26.611655      0.018     7.4293     87.351    -1.9772    -1.9777    33.9575    -1.9772    -1.9777    127.000  0.000e+00
  26.618088      0.149     7.3866     86.854    -1.9772    -1.9776    33.9664    -1.9772    -1.9776    127.250  0.000e+00
  26.618803      0.315     7.3273     86.168    -1.9715    -1.9720    33.9608    -1.9715    -1.9720    127.500  0.000e+00
  26.616420      0.475     7.2797     85.616    -1.9651    -1.9655    33.9499    -1.9650    -1.9655    127.750  0.000e+00
  26.610048      0.616     7.2285     85.014    -1.9615    -1.9620    33.9367    -1.9615    -1.9619    128.000  0.000e+00
  26.625653      0.789     7.2038     84.741    -1.9590    -1.9594    33.9556    -1.9589    -1.9594    128.250  0.000e+00
  26.637746      1.027     7.1640     84.289    -1.9550    -1.9554    33.9678    -1.9549    -1.9554    128.500  0.000e+00
  26.634887      1.279     7.1235     83.821    -1.9485    -1.9490    33.9562    -1.9485    -1.9490    128.750  0.000e+00
  26.615289      1.503     7.1099     83.653    -1.9428    -1.9433    33.9220    -1.9428    -1.9432    129.000  0.000e+00
  26.612669      1.721     7.0991     83.529    -1.9394    -1.9398    33.9143    -1.9394    -1.9398    129.250  0.000e+00
  26.614099      1.934     7.1059     83.610    -1.9392    -1.9397    33.9159    -1.9392    -1.9396    129.500  0.000e+00
  26.610586      2.123     7.1031     83.572    -1.9403    -1.9407    33.9121    -1.9402    -1.9407    129.750  0.000e+00
  26.626489      2.328     7.1235     83.823    -1.9420    -1.9424    33.9362    -1.9419    -1.9424    130.000  0.000e+00
  26.633579      2.545     7.1720     84.398    -1.9430    -1.9434    33.9471    -1.9429    -1.9434    130.250  0.000e+00
  26.618628      2.721     7.2410     85.198    -1.9425    -1.9430    33.9255    -1.9425    -1.9429    130.500  0.000e+00
  26.620415      2.845     7.3235     86.173    -1.9411    -1.9416    33.9264    -1.9411    -1.9416    130.750  0.000e+00
