ESIM_AntTest/Winter2017_M03_IceHandheld.cnv
* Sea-Bird SBE19plus Data File:
* FileName = C:\Users\01375159\Desktop\SeaBird Raw Data\SBE19plus_01907532_2017_07_04_00112.hex
* Software Version 1.59
* Temperature SN =  7532
* Conductivity SN =  7532
* System UpLoad Time = Jul 17 2017 14:09:03
* NMEA Latitude = 61 58.16 S
* NMEA Longitude = 030 09.44 E
* NMEA UTC (Time) = 04 Jul 2017 15:54:29
# nquan = 11
# nvalues = 2717                                  
# units = specified
# name 0 = c0mS/cm: Conductivity [mS/cm]
# name 1 = depSM: Depth [salt water, m], lat = 34.00
# name 2 = sbeox0ML/L: Oxygen, SBE 43 [ml/l]
# name 3 = sbeox0PS: Oxygen, SBE 43 [% saturation]
# name 4 = potemp090C: Potential Temperature [ITS-90, deg C]
# name 5 = potemp068C: Potential Temperature [IPTS-68, deg C]
# name 6 = sal00: Salinity, Practical [PSU]
# name 7 = tv290C: Temperature [ITS-90, deg C]
# name 8 = tv268C: Temperature [IPTS-68, deg C]
# name 9 = timeS: Time, Elapsed [seconds]
# name 10 = flag:  0.000e+00
# span 0 =   0.000349,  26.753310                 
# span 1 =     -0.560,     45.271                 
# span 2 =   -93.7645,    10.3191                 
# span 3 =     72.388,    117.076                 
# span 4 =    -2.2442,    -1.6266                 
# span 5 =    -2.2447,    -1.6270                 
# span 6 =    -0.0036,    34.0105                 
# span 7 =    -2.2442,    -1.6266                 
# span 8 =    -2.2447,    -1.6269                 
# span 9 =      0.000,    679.000                 
# span 10 = 0.0000e+00, 0.0000e+00                
# interval = seconds: 0.25
# start_time = Jul 04 2017 15:54:29 [Instrument's time stamp, header]
# bad_flag = -9.990e-29
*END*
[from data line 132]
   0.000442     -0.352   -93.4905     94.435    -1.8395    -1.8399    -0.0033    -1.8394    -1.8399     33.000  0.000e+00
   0.000411     -0.355   -93.4279     94.372    -1.8415    -1.8419    -0.0034    -1.8415    -1.8419     33.250  0.000e+00
   0.000411     -0.351   -93.4170     94.361    -1.8468    -1.8472    -0.0034    -1.8468    -1.8472     33.500  0.000e+00
   0.000411     -0.349   -93.4013     94.345    -1.8495    -1.8500    -0.0034    -1.8495    -1.8500     33.750  0.000e+00
   0.000442     -0.351   -93.4397     94.384    -1.8511    -1.8516    -0.0033    -1.8511    -1.8516     34.000  0.000e+00
   0.000442     -0.351   -93.4967     94.441    -1.8552    -1.8556    -0.0033    -1.8552    -1.8556     34.250  0.000e+00
   0.000442     -0.355   -93.4621     94.406    -1.8581    -1.8585    -0.0033    -1.8581    -1.8585     34.500  0.000e+00
   0.000442     -0.353   -93.4383     94.382    -1.8594    -1.8598    -0.0033    -1.8594    -1.8598     34.750  0.000e+00
   0.000411     -0.354   -93.4070     94.350    -1.8602    -1.8606    -0.0034    -1.8602    -1.8606     35.000  0.000e+00
   0.000442     -0.357   -93.5480     94.493    -1.8616    -1.8620    -0.0033    -1.8616    -1.8620     35.250  0.000e+00
   0.000411     -0.355   -93.4051     94.349    -1.8629    -1.8633    -0.0034    -1.8628    -1.8633     35.500  0.000e+00
   0.000442     -0.355   -93.3827     94.326    -1.8629    -1.8633    -0.0033    -1.8628    -1.8633     35.750  0.000e+00
   0.000504     -0.353   -93.3810     94.324    -1.8627    -1.8631    -0.0033    -1.8626    -1.8631     36.000  0.000e+00
   0.000504     -0.351   -93.3957     94.339    -1.8628    -1.8633    -0.0033    -1.8628    -1.8632     36.250  0.000e+00
   0.000442     -0.355   -93.5080     94.453    -1.8658    -1.8663    -0.0033    -1.8658    -1.8663     36.500  0.000e+00
   0.000411     -0.349   -93.4711     94.415    -1.8739    -1.8744    -0.0034    -1.8739    -1.8743     36.750  0.000e+00
   0.000411     -0.351   -93.3732     94.316    -1.8782    -1.8786    -0.0034    -1.8782    -1.8786     37.000  0.000e+00
   0.000442     -0.352   -93.3087     94.251    -1.8823    -1.8827    -0.0034    -1.8823    -1.8827     37.250  0.000e+00
   0.000442     -0.350   -93.4641     94.408    -1.8863    -1.8868    -0.0034    -1.8863    -1.8868     37.500  0.000e+00
   0.000442     -0.350   -93.4535     94.397    -1.8889    -1.8894    -0.0034    -1.8889    -1.8894     37.750  0.000e+00
   0.000442     -0.350   -93.4056     94.349    -1.8891    -1.8895    -0.0034    -1.8890    -1.8895     38.000  0.000e+00
   0.000442     -0.347   -93.3429     94.286    -1.8888    -1.8893    -0.0034    -1.8888    -1.8893     38.250  0.000e+00
   0.000442     -0.349   -93.3608     94.304    -1.8900    -1.8905    -0.0034    -1.8900    -1.8904     38.500  0.000e+00
   0.000442     -0.349   -93.4401     94.384    -1.8910    -1.8914    -0.0034    -1.8910    -1.8914     38.750  0.000e+00
   0.000442     -0.349   -93.5223     94.467    -1.8951    -1.8955    -0.0034    -1.8951    -1.8955     39.000  0.000e+00
   0.000411     -0.353   -93.4963     94.441    -1.9042    -1.9047    -0.0034    -1.9042    -1.9047     39.250  0.000e+00
   0.000411     -0.346   -93.5342     94.479    -1.9103    -1.9108    -0.0034    -1.9103    -1.9108     39.500  0.000e+00
   0.000380     -0.348   -93.4899     94.434    -1.9146    -1.9150    -0.0034    -1.9145    -1.9150     39.750  0.000e+00
   0.000411     -0.351   -93.5676     94.513    -1.9178    -1.9183    -0.0034    -1.9178    -1.9183     40.000  0.000e+00
   0.000411     -0.346   -93.5346     94.479    -1.9179    -1.9184    -0.0034    -1.9179    -1.9183     40.250  0.000e+00
   0.000411     -0.346   -93.5667     94.512    -1.9159    -1.9164    -0.0034    -1.9159    -1.9164     40.500  0.000e+00
   0.000380     -0.350   -93.5543     94.499    -1.9141    -1.9146    -0.0034    -1.9141    -1.9146     40.750  0.000e+00
   0.000411     -0.350   -93.4292     94.373    -1.9130    -1.9134    -0.0034    -1.9129    -1.9134     41.000  0.000e+00
   0.000411     -0.350   -93.4817     94.426    -1.9117    -1.9121    -0.0034    -1.9117    -1.9121     41.250  0.000e+00
   0.000349     -0.358   -93.4561     94.400    -1.9099    -1.9104    -0.0035    -1.9099    -1.9104     41.500  0.000e+00
   0.000442     -0.353   -93.5357     94.480    -1.9101    -1.9106    -0.0034    -1.9101    -1.9106     41.750  0.000e+00
   0.000442     -0.349   -93.5173     94.462    -1.9115    -1.9119    -0.0034    -1.9114    -1.9119     42.000  0.000e+00
   0.000504     -0.351   -93.5523     94.497    -1.9120    -1.9125    -0.0033    -1.9120    -1.9125     42.250  0.000e+00
   0.000442     -0.354   -93.5226     94.467    -1.9129    -1.9134    -0.0034    -1.9129    -1.9134     42.500  0.000e+00
   0.000442     -0.355   -93.5337     94.478    -1.9153    -1.9158    -0.0034    -1.9153    -1.9157     42.750  0.000e+00
   0.000442     -0.357   -93.5812     94.526    -1.9177    -1.9182    -0.0034    -1.9177    -1.9181     43.000  0.000e+00
   0.000411     -0.359   -93.4794     94.424    -1.9253    -1.9258    -0.0034    -1.9253    -1.9258     43.250  0.000e+00
   0.000411     -0.357   -93.4960     94.440    -1.9327    -1.9332    -0.0034    -1.9327    -1.9331     43.500  0.000e+00
   0.000411     -0.359   -93.4245     94.368    -1.9370    -1.9374    -0.0034    -1.9370    -1.9374     43.750  0.000e+00
   0.000442     -0.357   -93.4162     94.360    -1.9431    -1.9435    -0.0034    -1.9431    -1.9435     44.000  0.000e+00
   0.000442     -0.358   -93.4327     94.376    -1.9466    -1.9470    -0.0034    -1.9465    -1.9470     44.250  0.000e+00
   0.000442     -0.363   -93.4513     94.395    -1.9470    -1.9474    -0.0034    -1.9470    -1.9474     44.500  0.000e+00
   0.000442     -0.361   -93.4274     94.371    -1.9477    -1.9482    -0.0034    -1.9477    -1.9481     44.750  0.000e+00
   0.000442     -0.356   -93.4233     94.367    -1.9478    -1.9482    -0.0034    -1.9478    -1.9482     45.000  0.000e+00
   0.000442     -0.362   -93.5328     94.478    -1.9483    -1.9488    -0.0034    -1.9483    -1.9487     45.250  0.000e+00
   0.000442     -0.358   -93.4334     94.377    -1.9500    -1.9505    -0.0034    -1.9500    -1.9505     45.500  0.000e+00
   0.000442     -0.355   -93.4649     94.409    -1.9489    -1.9494    -0.0034    -1.9489    -1.9494     45.750  0.000e+00
   0.000411     -0.359   -93.4771     94.421    -1.9468    -1.9473    -0.0034    -1.9468    -1.9472     46.000  0.000e+00
   0.000380     -0.358   -93.5169     94.462    -1.9444    -1.9449    -0.0035    -1.9444    -1.9449     46.250  0.000e+00
   0.000442     -0.358   -93.5430     94.488    -1.9422    -1.9427    -0.0034    -1.9422    -1.9427     46.500  0.000e+00
   0.000442     -0.358   -93.4887     94.433    -1.9402    -1.9406    -0.0034    -1.9402    -1.9406     46.750  0.000e+00
   0.000411     -0.356   -93.3940     94.337    -1.9388    -1.9392    -0.0034    -1.9387    -1.9392     47.000  0.000e+00
   0.000380     -0.358   -93.4969     94.441    -1.9393    -1.9397    -0.0035    -1.9393    -1.9397     47.250  0.000e+00
   0.000411     -0.358   -93.4870     94.431    -1.9400    -1.9405    -0.0034    -1.9400    -1.9405     47.500  0.000e+00
   0.000411     -0.358   -93.3999     94.343    -1.9405    -1.9410    -0.0034    -1.9405    -1.9410     47.750  0.000e+00
   0.000442     -0.361   -93.3225     94.265    -1.9414    -1.9419    -0.0034    -1.9414    -1.9418     48.000  0.000e+00
   0.000442     -0.353   -93.3159     94.258    -1.9418    -1.9423    -0.0034    -1.9418    -1.9423     48.250  0.000e+00
   0.000442     -0.357   -93.3741     94.317    -1.9413    -1.9418    -0.0034    -1.9413    -1.9418     48.500  0.000e+00
   0.000411     -0.353   -93.4395     94.383    -1.9394    -1.9399    -0.0034    -1.9394    -1.9399     48.750  0.000e+00
   0.000442     -0.355   -93.5069     94.451    -1.9399    -1.9404    -0.0034    -1.9399    -1.9404     49.000  0.000e+00
   0.000442     -0.353   -93.5065     94.451    -1.9444    -1.9449    -0.0034    -1.9444    -1.9449     49.250  0.000e+00
   0.000380     -0.355   -93.7030     94.650    -1.9480    -1.9485    -0.0035    -1.9480    -1.9485     49.500  0.000e+00
   0.000442     -0.354   -93.6398     94.586    -1.9497    -1.9501    -0.0034    -1.9496    -1.9501     49.750  0.000e+00
   0.000411     -0.354   -93.6632     94.609    -1.9484    -1.9489    -0.0034    -1.9484    -1.9488     50.000  0.000e+00
   0.000411     -0.359   -93.5227     94.467    -1.9465    -1.9470    -0.0034    -1.9465    -1.9470     50.250  0.000e+00
   0.000411     -0.351   -93.5615     94.507    -1.9463    -1.9468    -0.0034    -1.9463    -1.9468     50.500  0.000e+00
   0.000442     -0.353   -93.5755     94.521    -1.9466    -1.9470    -0.0034    -1.9465    -1.9470     50.750  0.000e+00
   0.000442     -0.358   -93.5442     94.489    -1.9453    -1.9458    -0.0034    -1.9453    -1.9458     51.000  0.000e+00
   0.000411     -0.357   -93.5125     94.457    -1.9435    -1.9439    -0.0034    -1.9434    -1.9439     51.250  0.000e+00
   0.000411     -0.355   -93.5357     94.480    -1.9422    -1.9427    -0.0034    -1.9422    -1.9426     51.500  0.000e+00
   0.000442     -0.357   -93.4892     94.434    -1.9419    -1.9424    -0.0034    -1.9419    -1.9424     51.750  0.000e+00
   0.000442     -0.357   -93.4331     94.377    -1.9479    -1.9484    -0.0034    -1.9479    -1.9484     52.000  0.000e+00
   0.000411     -0.355   -93.5253     94.470    -1.9544    -1.9549    -0.0035    -1.9544    -1.9549     52.250  0.000e+00
   0.000442     -0.357   -93.5050     94.450    -1.9560    -1.9564    -0.0034    -1.9559    -1.9564     52.500  0.000e+00
   0.000442     -0.359   -93.4552     94.399    -1.9563    -1.9568    -0.0034    -1.9563    -1.9567     52.750  0.000e+00
   0.000442     -0.359   -93.5586     94.504    -1.9574    -1.9579    -0.0034    -1.9574    -1.9579     53.000  0.000e+00
   0.000411     -0.363   -93.6245     94.570    -1.9582    -1.9586    -0.0035    -1.9581    -1.9586     53.250  0.000e+00
   0.000411     -0.362   -93.5941     94.539    -1.9571    -1.9576    -0.0035    -1.9571    -1.9575     53.500  0.000e+00
   0.000411     -0.358   -93.6523     94.598    -1.9568    -1.9573    -0.0035    -1.9568    -1.9572     53.750  0.000e+00
   0.000442     -0.365   -93.4879     94.432    -1.9612    -1.9616    -0.0034    -1.9611    -1.9616     54.000  0.000e+00
   0.000411     -0.366   -93.4046     94.348    -1.9690    -1.9694    -0.0035    -1.9689    -1.9694     54.250  0.000e+00
   0.000442     -0.364   -93.4817     94.426    -1.9760    -1.9765    -0.0034    -1.9760    -1.9765     54.500  0.000e+00
   0.000442     -0.366   -93.5179     94.463    -1.9788    -1.9793    -0.0035    -1.9788    -1.9793     54.750  0.000e+00
   0.000380     -0.361   -93.4568     94.401    -1.9781    -1.9786    -0.0035    -1.9781    -1.9786     55.000  0.000e+00
   0.000442     -0.367   -93.5000     94.444    -1.9767    -1.9772    -0.0034    -1.9767    -1.9772     55.250  0.000e+00
   0.000442     -0.363   -93.5050     94.449    -1.9752    -1.9756    -0.0034    -1.9751    -1.9756     55.500  0.000e+00
   0.000411     -0.364   -93.5379     94.483    -1.9746    -1.9751    -0.0035    -1.9746    -1.9751     55.750  0.000e+00
   0.000411     -0.366   -93.5604     94.505    -1.9740    -1.9745    -0.0035    -1.9740    -1.9745     56.000  0.000e+00
   0.000380     -0.363   -93.4426     94.386    -1.9768    -1.9773    -0.0035    -1.9768    -1.9773     56.250  0.000e+00
   0.000411     -0.363   -93.3795     94.323    -1.9824    -1.9829    -0.0035    -1.9824    -1.9829     56.500  0.000e+00
   0.000442     -0.365   -93.3796     94.323    -1.9840    -1.9845    -0.0035    -1.9840    -1.9845     56.750  0.000e+00
   0.000411     -0.359   -93.4456     94.390    -1.9835    -1.9840    -0.0035    -1.9835    -1.9840     57.000  0.000e+00
   0.000442     -0.360   -93.5034     94.448    -1.9816    -1.9821    -0.0035    -1.9816    -1.9821     57.250  0.000e+00
   0.000411     -0.367   -93.3882     94.332    -1.9802    -1.9807    -0.0035    -1.9802    -1.9807     57.500  0.000e+00
   0.000411     -0.363   -93.4198     94.363    -1.9799    -1.9804    -0.0035    -1.9799    -1.9804     57.750  0.000e+00
   0.000411     -0.365   -93.3827     94.326    -1.9783    -1.9787    -0.0035    -1.9782    -1.9787     58.000  0.000e+00
   0.000442     -0.364   -93.4249     94.369    -1.9765    -1.9769    -0.0034    -1.9765    -1.9769     58.250  0.000e+00
   0.000411     -0.362   -93.4160     94.360    -1.9749    -1.9754    -0.0035    -1.9749    -1.9754     58.500  0.000e+00
   0.000411     -0.361   -93.5154     94.460    -1.9746    -1.9751    -0.0035    -1.9746    -1.9750     58.750  0.000e+00
   0.000442     -0.364   -93.4396     94.383    -1.9759    -1.9763    -0.0034    -1.9758    -1.9763     59.000  0.000e+00
   0.000411     -0.360   -93.4688     94.413    -1.9765    -1.9770    -0.0035    -1.9765    -1.9770     59.250  0.000e+00
   0.000380     -0.364   -93.4650     94.409    -1.9762    -1.9767    -0.0035    -1.9762    -1.9767     59.500  0.000e+00
   0.000411     -0.361   -93.4592     94.403    -1.9748    -1.9753    -0.0035    -1.9748    -1.9752     59.750  0.000e+00
   0.000442     -0.359   -93.5813     94.527    -1.9751    -1.9755    -0.0034    -1.9750    -1.9755     60.000  0.000e+00
   0.000411     -0.363   -93.5705     94.516    -1.9754    -1.9759    -0.0035    -1.9754    -1.9758     60.250  0.000e+00
   0.000504     -0.363   -93.5386     94.483    -1.9744    -1.9748    -0.0034    -1.9743    -1.9748     60.500  0.000e+00
   0.000411     -0.363   -93.6141     94.560    -1.9731    -1.9736    -0.0035    -1.9731    -1.9736     60.750  0.000e+00
   0.000411     -0.356   -93.7031     94.650    -1.9718    -1.9723    -0.0035    -1.9718    -1.9723     61.000  0.000e+00
   0.000411     -0.364   -93.6004     94.546    -1.9699    -1.9703    -0.0035    -1.9698    -1.9703     61.250  0.000e+00
   0.000411     -0.361   -93.6649     94.611    -1.9677    -1.9682    -0.0035    -1.9677    -1.9682     61.500  0.000e+00
   0.000442     -0.361   -93.4387     94.383    -1.9661    -1.9666    -0.0034    -1.9661    -1.9665     61.750  0.000e+00
   0.000411     -0.360   -93.4950     94.439    -1.9649    -1.9654    -0.0035    -1.9649    -1.9654     62.000  0.000e+00
   0.000442     -0.369   -93.4778     94.422    -1.9660    -1.9665    -0.0034    -1.9660    -1.9665     62.250  0.000e+00
   0.000411     -0.364   -93.5240     94.469    -1.9683    -1.9688    -0.0035    -1.9683    -1.9688     62.500  0.000e+00
   0.000442     -0.366   -93.3934     94.337    -1.9722    -1.9727    -0.0034    -1.9722    -1.9727     62.750  0.000e+00
   0.000442     -0.366   -93.5420     94.487    -1.9786    -1.9791    -0.0035    -1.9786    -1.9791     63.000  0.000e+00
   0.000411     -0.371   -93.5022     94.447    -1.9811    -1.9815    -0.0035    -1.9811    -1.9815     63.250  0.000e+00
   0.000565     -0.366   -93.6081     94.554    -1.9809    -1.9814    -0.0034    -1.9809    -1.9813     63.500  0.000e+00
   0.000565     -0.366   -93.5684     94.514    -1.9803    -1.9808    -0.0034    -1.9803    -1.9808     63.750  0.000e+00
   0.000504     -0.366   -93.5142     94.459    -1.9812    -1.9817    -0.0034    -1.9812    -1.9817     64.000  0.000e+00
   0.000565     -0.371   -93.5406     94.485    -1.9823    -1.9828    -0.0034    -1.9823    -1.9827     64.250  0.000e+00
   0.000504     -0.373   -93.5667     94.512    -1.9878    -1.9883    -0.0034    -1.9878    -1.9883     64.500  0.000e+00
   0.000565     -0.375   -93.6164     94.562    -1.9912    -1.9917    -0.0034    -1.9912    -1.9917     64.750  0.000e+00
   0.000565     -0.373   -93.5312     94.476    -1.9928    -1.9933    -0.0034    -1.9928    -1.9933     65.000  0.000e+00
   0.000565     -0.372   -93.6451     94.591    -1.9926    -1.9930    -0.0034    -1.9926    -1.9930     65.250  0.000e+00
