ESIM_AntTest/Winter2017_M03_IceHandheld.cnv
* Sea-Bird SBE19plus Data File:
* FileName = C:\Users\01375159\Desktop\SeaBird Raw Data\SBE19plus_01907532_2017_07_04_00112.hex
* Software Version 1.59
* Temperature SN =  7532
* Conductivity SN =  7532
* System UpLoad Time = Jul 17 2017 14:09:03
* NMEA Latitude = 61 58.16 S
* NMEA Longitude = 030 09.44 E
* NMEA UTC (Time) = 04 Jul 2017 15:54:29
# nquan = 11
# nvalues = 2717                                  
# units = specified
# name 0 = c0mS/cm: Conductivity [mS/cm]
# name 1 = depSM: Depth [salt water, m], lat = 34.00
# name 2 = sbeox0ML/L: Oxygen, SBE 43 [ml/l]
# name 3 = sbeox0PS: Oxygen, SBE 43 [% saturation]
# name 4 = potemp090C: Potential Temperature [ITS-90, deg C]
# name 5 = potemp068C: Potential Temperature [IPTS-68, deg C]
# name 6 = sal00: Salinity, Practical [PSU]
# name 7 = tv290C: Temperature [ITS-90, deg C]
# name 8 = tv268C: Temperature [IPTS-68, deg C]
# name 9 = timeS: Time, Elapsed [seconds]
# name 10 = flag:  0.000e+00
# span 0 =   0.000349,  26.753310                 
# span 1 =     -0.560,     45.271                 
# span 2 =   -93.7645,    10.3191                 
# span 3 =     72.388,    117.076                 
# span 4 =    -2.2442,    -1.6266                 
# span 5 =    -2.2447,    -1.6270                 
# span 6 =    -0.0036,    34.0105                 
# span 7 =    -2.2442,    -1.6266                 
# span 8 =    -2.2447,    -1.6269                 
# span 9 =      0.000,    679.000                 
# span 10 = 0.0000e+00, 0.0000e+00                
# interval = seconds: 0.25
# start_time = Jul 04 2017 15:54:29 [Instrument's time stamp, header]
# bad_flag = -9.990e-29
*END*
[from data line 1443]
  26.750982     32.370     7.2192     85.211    -1.8380    -1.8384    33.9709    -1.8374    -1.8378    360.750  0.000e+00
  26.751340     32.262     7.2540     85.622    -1.8380    -1.8384    33.9715    -1.8374    -1.8379    361.000  0.000e+00
  26.750982     32.188     7.2913     86.063    -1.8378    -1.8383    33.9709    -1.8372    -1.8377    361.250  0.000e+00
  26.750146     32.137     7.3266     86.479    -1.8379    -1.8383    33.9698    -1.8373    -1.8377    361.500  0.000e+00
  26.749370     32.107     7.3649     86.930    -1.8377    -1.8381    33.9685    -1.8371    -1.8375    361.750  0.000e+00
  26.749012     32.018     7.3947     87.282    -1.8379    -1.8383    33.9683    -1.8373    -1.8377    362.000  0.000e+00
  26.748654     31.871     7.4179     87.555    -1.8377    -1.8381    33.9677    -1.8371    -1.8375    362.250  0.000e+00
  26.749548     31.754     7.4280     87.675    -1.8379    -1.8384    33.9693    -1.8374    -1.8378    362.500  0.000e+00
  26.750324     31.736     7.4333     87.738    -1.8379    -1.8383    33.9703    -1.8373    -1.8377    362.750  0.000e+00
  26.750265     31.798     7.4280     87.675    -1.8380    -1.8384    33.9703    -1.8374    -1.8379    363.000  0.000e+00
  26.749549     31.889     7.4278     87.673    -1.8378    -1.8382    33.9690    -1.8372    -1.8376    363.250  0.000e+00
  26.749549     31.994     7.4142     87.512    -1.8379    -1.8383    33.9691    -1.8373    -1.8378    363.500  0.000e+00
  26.749549     32.108     7.3950     87.286    -1.8378    -1.8382    33.9689    -1.8372    -1.8376    363.750  0.000e+00
  26.749371     32.196     7.3800     87.108    -1.8381    -1.8385    33.9689    -1.8375    -1.8379    364.000  0.000e+00
  26.749192     32.236     7.3779     87.084    -1.8379    -1.8383    33.9684    -1.8373    -1.8377    364.250  0.000e+00
  26.748834     32.223     7.3968     87.305    -1.8380    -1.8384    33.9681    -1.8374    -1.8379    364.500  0.000e+00
  26.748296     32.141     7.4219     87.601    -1.8379    -1.8383    33.9673    -1.8373    -1.8378    364.750  0.000e+00
  26.749191     32.026     7.4541     87.982    -1.8382    -1.8386    33.9689    -1.8376    -1.8380    365.000  0.000e+00
  26.749370     31.952     7.4821     88.313    -1.8379    -1.8383    33.9689    -1.8373    -1.8378    365.250  0.000e+00
  26.749728     31.937     7.5162     88.716    -1.8380    -1.8385    33.9696    -1.8375    -1.8379    365.500  0.000e+00
  26.749728     31.977     7.5333     88.918    -1.8379    -1.8383    33.9693    -1.8373    -1.8377    365.750  0.000e+00
  26.747998     31.992     7.5317     88.898    -1.8379    -1.8383    33.9669    -1.8373    -1.8378    366.000  0.000e+00
  26.747878     31.945     7.5116     88.660    -1.8378    -1.8382    33.9667    -1.8372    -1.8377    366.250  0.000e+00
  26.747997     31.843     7.4933     88.445    -1.8378    -1.8382    33.9669    -1.8372    -1.8376    366.500  0.000e+00
  26.747818     31.686     7.4704     88.174    -1.8378    -1.8383    33.9668    -1.8373    -1.8377    366.750  0.000e+00
  26.748175     31.503     7.4478     87.908    -1.8378    -1.8383    33.9675    -1.8373    -1.8377    367.000  0.000e+00
  26.748294     31.346     7.4659     88.122    -1.8379    -1.8383    33.9678    -1.8373    -1.8378    367.250  0.000e+00
  26.748234     31.250     7.4817     88.308    -1.8379    -1.8384    33.9678    -1.8374    -1.8378    367.500  0.000e+00
  26.748652     31.181     7.5117     88.662    -1.8379    -1.8384    33.9684    -1.8374    -1.8378    367.750  0.000e+00
  26.747100     31.094     7.5403     88.998    -1.8378    -1.8382    33.9662    -1.8372    -1.8377    368.000  0.000e+00
  26.746563     30.945     7.5620     89.255    -1.8378    -1.8383    33.9656    -1.8373    -1.8377    368.250  0.000e+00
  26.746562     30.752     7.5940     89.632    -1.8377    -1.8381    33.9655    -1.8371    -1.8376    368.500  0.000e+00
  26.746562     30.501     7.5969     89.666    -1.8379    -1.8384    33.9660    -1.8374    -1.8378    368.750  0.000e+00
  26.747098     30.217     7.5989     89.691    -1.8377    -1.8381    33.9666    -1.8371    -1.8376    369.000  0.000e+00
  26.746739     29.961     7.6047     89.759    -1.8380    -1.8384    33.9667    -1.8375    -1.8379    369.250  0.000e+00
  26.747097     29.730     7.6003     89.707    -1.8378    -1.8382    33.9670    -1.8372    -1.8377    369.500  0.000e+00
  26.746738     29.487     7.6089     89.809    -1.8380    -1.8384    33.9670    -1.8375    -1.8379    369.750  0.000e+00
  26.746738     29.244     7.6133     89.861    -1.8378    -1.8382    33.9669    -1.8373    -1.8377    370.000  0.000e+00
  26.747095     29.003     7.6192     89.930    -1.8379    -1.8383    33.9677    -1.8374    -1.8378    370.250  0.000e+00
  26.747452     28.772     7.6213     89.957    -1.8377    -1.8381    33.9681    -1.8372    -1.8376    370.500  0.000e+00
  26.747989     28.567     7.6205     89.947    -1.8379    -1.8383    33.9692    -1.8374    -1.8378    370.750  0.000e+00
  26.748287     28.393     7.6166     89.901    -1.8377    -1.8382    33.9696    -1.8372    -1.8377    371.000  0.000e+00
  26.748585     28.271     7.6102     89.826    -1.8378    -1.8383    33.9702    -1.8373    -1.8378    371.250  0.000e+00
  26.749002     28.218     7.6093     89.816    -1.8375    -1.8380    33.9705    -1.8370    -1.8375    371.500  0.000e+00
  26.748644     28.233     7.6024     89.734    -1.8376    -1.8380    33.9700    -1.8371    -1.8375    371.750  0.000e+00
  26.747093     28.276     7.5991     89.694    -1.8375    -1.8379    33.9676    -1.8369    -1.8374    372.000  0.000e+00
  26.746377     28.353     7.6007     89.713    -1.8375    -1.8379    33.9666    -1.8370    -1.8374    372.250  0.000e+00
  26.746198     28.399     7.6071     89.788    -1.8376    -1.8380    33.9665    -1.8371    -1.8375    372.500  0.000e+00
  26.746198     28.435     7.6022     89.730    -1.8376    -1.8381    33.9665    -1.8371    -1.8376    372.750  0.000e+00
  26.746557     28.459     7.6048     89.761    -1.8378    -1.8382    33.9672    -1.8373    -1.8377    373.000  0.000e+00
  26.747452     28.526     7.5949     89.644    -1.8379    -1.8383    33.9685    -1.8374    -1.8378    373.250  0.000e+00
  26.747273     28.619     7.5861     89.540    -1.8380    -1.8385    33.9683    -1.8375    -1.8379    373.500  0.000e+00
  26.746915     28.696     7.5794     89.461    -1.8379    -1.8384    33.9677    -1.8374    -1.8379    373.750  0.000e+00
  26.746736     28.743     7.5658     89.299    -1.8381    -1.8385    33.9675    -1.8376    -1.8380    374.000  0.000e+00
  26.746736     28.789     7.5503     89.117    -1.8379    -1.8384    33.9674    -1.8374    -1.8379    374.250  0.000e+00
  26.746916     28.832     7.5335     88.919    -1.8381    -1.8385    33.9677    -1.8376    -1.8380    374.500  0.000e+00
  26.746916     28.885     7.5102     88.644    -1.8380    -1.8384    33.9676    -1.8375    -1.8379    374.750  0.000e+00
  26.746916     28.920     7.4807     88.296    -1.8382    -1.8386    33.9678    -1.8376    -1.8381    375.000  0.000e+00
  26.746916     28.970     7.4484     87.914    -1.8380    -1.8385    33.9676    -1.8375    -1.8379    375.250  0.000e+00
  26.746916     28.992     7.4167     87.540    -1.8383    -1.8388    33.9679    -1.8378    -1.8382    375.500  0.000e+00
  26.746737     29.007     7.3740     87.036    -1.8381    -1.8385    33.9674    -1.8376    -1.8380    375.750  0.000e+00
  26.746916     29.016     7.3572     86.837    -1.8382    -1.8387    33.9678    -1.8377    -1.8381    376.000  0.000e+00
  26.746916     29.048     7.3332     86.554    -1.8382    -1.8387    33.9678    -1.8377    -1.8381    376.250  0.000e+00
  26.746916     29.088     7.3261     86.470    -1.8383    -1.8388    33.9678    -1.8378    -1.8382    376.500  0.000e+00
  26.747095     29.148     7.3145     86.333    -1.8383    -1.8388    33.9681    -1.8378    -1.8382    376.750  0.000e+00
  26.746916     29.193     7.2943     86.095    -1.8381    -1.8386    33.9676    -1.8376    -1.8380    377.000  0.000e+00
  26.746737     29.179     7.2892     86.035    -1.8381    -1.8386    33.9673    -1.8376    -1.8380    377.250  0.000e+00
  26.746916     29.102     7.2704     85.814    -1.8381    -1.8386    33.9676    -1.8376    -1.8380    377.500  0.000e+00
  26.746916     28.998     7.2760     85.880    -1.8382    -1.8386    33.9677    -1.8376    -1.8381    377.750  0.000e+00
  26.746737     28.911     7.2541     85.621    -1.8381    -1.8385    33.9674    -1.8376    -1.8380    378.000  0.000e+00
  26.747095     28.859     7.2534     85.613    -1.8383    -1.8388    33.9682    -1.8378    -1.8382    378.250  0.000e+00
  26.747095     28.840     7.2395     85.449    -1.8381    -1.8386    33.9680    -1.8376    -1.8380    378.500  0.000e+00
  26.746737     28.821     7.2463     85.528    -1.8382    -1.8386    33.9676    -1.8376    -1.8381    378.750  0.000e+00
  26.746378     28.783     7.2522     85.598    -1.8380    -1.8384    33.9669    -1.8375    -1.8379    379.000  0.000e+00
  26.746020     28.727     7.2655     85.754    -1.8382    -1.8387    33.9667    -1.8377    -1.8381    379.250  0.000e+00
  26.745662     28.643     7.2886     86.027    -1.8380    -1.8384    33.9660    -1.8375    -1.8379    379.500  0.000e+00
  26.745602     28.529     7.3284     86.496    -1.8384    -1.8388    33.9664    -1.8378    -1.8383    379.750  0.000e+00
  26.745661     28.368     7.3706     86.996    -1.8380    -1.8385    33.9662    -1.8375    -1.8379    380.000  0.000e+00
  26.745482     28.169     7.4189     87.564    -1.8383    -1.8387    33.9664    -1.8378    -1.8382    380.250  0.000e+00
  26.745660     27.932     7.4749     88.226    -1.8382    -1.8386    33.9667    -1.8376    -1.8381    380.500  0.000e+00
  26.745839     27.665     7.5163     88.714    -1.8383    -1.8388    33.9673    -1.8378    -1.8383    380.750  0.000e+00
  26.745420     27.378     7.5523     89.140    -1.8383    -1.8387    33.9669    -1.8378    -1.8382    381.000  0.000e+00
  26.745658     27.080     7.5727     89.380    -1.8384    -1.8388    33.9675    -1.8379    -1.8383    381.250  0.000e+00
  26.745836     26.787     7.5700     89.349    -1.8382    -1.8387    33.9678    -1.8377    -1.8382    381.500  0.000e+00
  26.746015     26.486     7.5481     89.091    -1.8383    -1.8387    33.9683    -1.8378    -1.8382    381.750  0.000e+00
  26.745477     26.136     7.5214     88.776    -1.8382    -1.8387    33.9677    -1.8377    -1.8382    382.000  0.000e+00
  26.745774     25.783     7.4763     88.244    -1.8381    -1.8385    33.9682    -1.8376    -1.8380    382.250  0.000e+00
  26.747086     25.500     7.4373     87.785    -1.8382    -1.8386    33.9703    -1.8377    -1.8381    382.500  0.000e+00
  26.747980     25.285     7.4061     87.418    -1.8378    -1.8383    33.9713    -1.8374    -1.8378    382.750  0.000e+00
  26.748457     25.144     7.3969     87.310    -1.8378    -1.8383    33.9721    -1.8374    -1.8378    383.000  0.000e+00
  26.746190     25.023     7.4022     87.371    -1.8376    -1.8380    33.9687    -1.8371    -1.8376    383.250  0.000e+00
  26.746189     24.914     7.4377     87.790    -1.8376    -1.8380    33.9688    -1.8371    -1.8376    383.500  0.000e+00
  26.747084     24.834     7.4835     88.332    -1.8375    -1.8379    33.9700    -1.8370    -1.8375    383.750  0.000e+00
  26.746368     24.764     7.5446     89.051    -1.8380    -1.8384    33.9695    -1.8375    -1.8379    384.000  0.000e+00
  26.746189     24.705     7.6224     89.970    -1.8378    -1.8383    33.9692    -1.8374    -1.8378    384.250  0.000e+00
  26.746726     24.669     7.6641     90.462    -1.8380    -1.8384    33.9702    -1.8376    -1.8380    384.500  0.000e+00
  26.746189     24.654     7.7068     90.966    -1.8380    -1.8384    33.9694    -1.8375    -1.8379    384.750  0.000e+00
  26.746010     24.631     7.7348     91.296    -1.8381    -1.8386    33.9693    -1.8377    -1.8381    385.000  0.000e+00
  26.746189     24.609     7.7497     91.471    -1.8380    -1.8385    33.9695    -1.8376    -1.8380    385.250  0.000e+00
  26.746010     24.607     7.7421     91.381    -1.8381    -1.8385    33.9693    -1.8376    -1.8381    385.500  0.000e+00
  26.746010     24.622     7.7319     91.261    -1.8381    -1.8385    33.9693    -1.8376    -1.8381    385.750  0.000e+00
  26.746368     24.662     7.7083     90.983    -1.8381    -1.8385    33.9698    -1.8376    -1.8381    386.000  0.000e+00
  26.746010     24.710     7.6804     90.653    -1.8382    -1.8387    33.9694    -1.8378    -1.8382    386.250  0.000e+00
  26.745831     24.742     7.6539     90.340    -1.8381    -1.8386    33.9690    -1.8377    -1.8381    386.500  0.000e+00
  26.745831     24.735     7.6262     90.012    -1.8384    -1.8388    33.9693    -1.8379    -1.8384    386.750  0.000e+00
  26.745592     24.677     7.5858     89.536    -1.8382    -1.8386    33.9688    -1.8377    -1.8382    387.000  0.000e+00
  26.745115     24.554     7.5557     89.180    -1.8384    -1.8388    33.9684    -1.8379    -1.8384    387.250  0.000e+00
  26.745651     24.406     7.5080     88.618    -1.8382    -1.8386    33.9690    -1.8377    -1.8382    387.500  0.000e+00
  26.745651     24.306     7.4750     88.228    -1.8384    -1.8388    33.9693    -1.8379    -1.8384    387.750  0.000e+00
  26.746367     24.283     7.4407     87.824    -1.8382    -1.8387    33.9702    -1.8378    -1.8382    388.000  0.000e+00
  26.746188     24.328     7.4070     87.427    -1.8383    -1.8387    33.9700    -1.8378    -1.8383    388.250  0.000e+00
  26.744935     24.363     7.3865     87.183    -1.8382    -1.8386    33.9681    -1.8377    -1.8382    388.500  0.000e+00
  26.744756     24.374     7.3718     87.009    -1.8382    -1.8387    33.9679    -1.8378    -1.8382    388.750  0.000e+00
  26.744398     24.361     7.3909     87.235    -1.8382    -1.8386    33.9673    -1.8377    -1.8382    389.000  0.000e+00
  26.744100     24.326     7.3785     87.088    -1.8383    -1.8387    33.9670    -1.8378    -1.8383    389.250  0.000e+00
  26.743741     24.257     7.3935     87.264    -1.8384    -1.8389    33.9667    -1.8380    -1.8384    389.500  0.000e+00
  26.744398     24.174     7.4407     87.822    -1.8383    -1.8388    33.9676    -1.8379    -1.8383    389.750  0.000e+00
  26.744934     24.093     7.4956     88.470    -1.8385    -1.8390    33.9686    -1.8381    -1.8385    390.000  0.000e+00
  26.744755     24.023     7.5425     89.025    -1.8384    -1.8388    33.9683    -1.8379    -1.8384    390.250  0.000e+00
  26.744755     23.965     7.5801     89.468    -1.8385    -1.8389    33.9684    -1.8380    -1.8385    390.500  0.000e+00
  26.744695     23.916     7.6083     89.802    -1.8383    -1.8388    33.9682    -1.8379    -1.8383    390.750  0.000e+00
  26.744755     23.877     7.6252     90.000    -1.8385    -1.8389    33.9685    -1.8381    -1.8385    391.000  0.000e+00
  26.744755     23.856     7.6402     90.178    -1.8383    -1.8387    33.9683    -1.8378    -1.8383    391.250  0.000e+00
  26.744397     23.845     7.6169     89.902    -1.8385    -1.8389    33.9680    -1.8380    -1.8385    391.500  0.000e+00
  26.744277     23.847     7.5729     89.383    -1.8383    -1.8388    33.9677    -1.8379    -1.8383    391.750  0.000e+00
  26.744277     23.849     7.5441     89.043    -1.8384    -1.8389    33.9678    -1.8380    -1.8384    392.000  0.000e+00
  26.743740     23.860     7.5015     88.539    -1.8383    -1.8388    33.9669    -1.8379    -1.8383    392.250  0.000e+00
  26.743382     23.850     7.4829     88.320    -1.8384    -1.8388    33.9665    -1.8379    -1.8384    392.500  0.000e+00
  26.743382     23.828     7.4627     88.081    -1.8385    -1.8389    33.9666    -1.8381    -1.8385    392.750  0.000e+00
  26.743382     23.794     7.4473     87.899    -1.8384    -1.8389    33.9665    -1.8380    -1.8384    393.000  0.000e+00
