ESIM_AntTest/Winter2017_M03_IceHandheld.cnv
* Sea-Bird SBE19plus Data File:
* FileName = C:\Users\01375159\Desktop\SeaBird Raw Data\SBE19plus_01907532_2017_07_04_00112.hex
* Software Version 1.59
* Temperature SN =  7532
* Conductivity SN =  7532
* System UpLoad Time = Jul 17 2017 14:09:03
* NMEA Latitude = 61 58.16 S
* NMEA Longitude = 030 09.44 E
* NMEA UTC (Time) = 04 Jul 2017 15:54:29
# nquan = 11
# nvalues = 2717                                  
# units = specified
# name 0 = c0mS/cm: Conductivity [mS/cm]
# name 1 = depSM: Depth [salt water, m], lat = 34.00
# name 2 = sbeox0ML/L: Oxygen, SBE 43 [ml/l]
# name 3 = sbeox0PS: Oxygen, SBE 43 [% saturation]
# name 4 = potemp090C: Potential Temperature [ITS-90, deg C]
# name 5 = potemp068C: Potential Temperature [IPTS-68, deg C]
# name 6 = sal00: Salinity, Practical [PSU]
# name 7 = tv290C: Temperature [ITS-90, deg C]
# name 8 = tv268C: Temperature [IPTS-68, deg C]
# name 9 = timeS: Time, Elapsed [seconds]
# name 10 = flag:  0.000e+00
# span 0 =   0.000349,  26.753310                 
# span 1 =     -0.560,     45.271                 
# span 2 =   -93.7645,    10.3191                 
# span 3 =     72.388,    117.076                 
# span 4 =    -2.2442,    -1.6266                 
# span 5 =    -2.2447,    -1.6270                 
# span 6 =    -0.0036,    34.0105                 
# span 7 =    -2.2442,    -1.6266                 
# span 8 =    -2.2447,    -1.6269                 
# span 9 =      0.000,    679.000                 
# span 10 = 0.0000e+00, 0.0000e+00                
# interval = seconds: 0.25
# start_time = Jul 04 2017 15:54:29 [Instrument's time stamp, header]
# bad_flag = -9.990e-29
*END*
[from data line 1705]
  26.739671     18.971     7.9895     94.298    -1.8384    -1.8389    33.9646    -1.8381    -1.8385    426.250  0.000e+00
  26.740029     18.866     7.9919     94.326    -1.8386    -1.8390    33.9653    -1.8382    -1.8387    426.500  0.000e+00
  26.740685     18.840     7.9922     94.330    -1.8385    -1.8389    33.9661    -1.8381    -1.8386    426.750  0.000e+00
  26.741103     18.907     8.0088     94.527    -1.8385    -1.8389    33.9667    -1.8381    -1.8386    427.000  0.000e+00
  26.740685     19.023     8.0173     94.627    -1.8384    -1.8389    33.9660    -1.8381    -1.8385    427.250  0.000e+00
  26.740029     19.127     8.0043     94.472    -1.8384    -1.8388    33.9649    -1.8380    -1.8385    427.500  0.000e+00
  26.739850     19.217     7.9990     94.409    -1.8384    -1.8389    33.9647    -1.8381    -1.8385    427.750  0.000e+00
  26.739194     19.235     8.0061     94.493    -1.8383    -1.8387    33.9636    -1.8379    -1.8384    428.000  0.000e+00
  26.738776     19.137     8.0025     94.450    -1.8386    -1.8390    33.9634    -1.8382    -1.8387    428.250  0.000e+00
  26.739671     18.966     7.9951     94.364    -1.8382    -1.8387    33.9644    -1.8379    -1.8383    428.500  0.000e+00
  26.739670     18.841     7.9991     94.411    -1.8385    -1.8389    33.9647    -1.8381    -1.8386    428.750  0.000e+00
  26.740685     18.813     8.0144     94.593    -1.8384    -1.8389    33.9661    -1.8381    -1.8385    429.000  0.000e+00
  26.741102     18.850     8.0207     94.668    -1.8385    -1.8389    33.9667    -1.8381    -1.8386    429.250  0.000e+00
  26.740506     18.919     8.0291     94.766    -1.8384    -1.8388    33.9657    -1.8380    -1.8385    429.500  0.000e+00
  26.739850     18.970     8.0413     94.909    -1.8381    -1.8386    33.9645    -1.8378    -1.8382    429.750  0.000e+00
  26.739313     19.006     8.0356     94.841    -1.8383    -1.8388    33.9639    -1.8380    -1.8384    430.000  0.000e+00
  26.739134     18.988     8.0494     95.004    -1.8383    -1.8387    33.9637    -1.8379    -1.8384    430.250  0.000e+00
  26.738656     18.897     8.0579     95.104    -1.8384    -1.8389    33.9632    -1.8381    -1.8385    430.500  0.000e+00
  26.738954     18.737     8.0746     95.302    -1.8383    -1.8388    33.9636    -1.8380    -1.8384    430.750  0.000e+00
  26.739312     18.577     8.0743     95.299    -1.8385    -1.8389    33.9644    -1.8381    -1.8386    431.000  0.000e+00
  26.739849     18.494     8.0798     95.363    -1.8385    -1.8390    33.9653    -1.8382    -1.8387    431.250  0.000e+00
  26.740505     18.477     8.0895     95.479    -1.8385    -1.8389    33.9661    -1.8381    -1.8386    431.500  0.000e+00
  26.740505     18.526     8.0796     95.362    -1.8384    -1.8388    33.9660    -1.8381    -1.8385    431.750  0.000e+00
  26.739312     18.599     8.0665     95.206    -1.8382    -1.8387    33.9641    -1.8379    -1.8383    432.000  0.000e+00
  26.739312     18.667     8.0338     94.820    -1.8383    -1.8387    33.9641    -1.8379    -1.8384    432.250  0.000e+00
  26.738775     18.677     8.0176     94.629    -1.8381    -1.8386    33.9632    -1.8378    -1.8382    432.500  0.000e+00
  26.738417     18.579     7.9922     94.328    -1.8382    -1.8387    33.9629    -1.8379    -1.8383    432.750  0.000e+00
  26.739192     18.418     7.9752     94.128    -1.8382    -1.8387    33.9640    -1.8379    -1.8383    433.000  0.000e+00
  26.739132     18.343     7.9648     94.006    -1.8383    -1.8387    33.9641    -1.8379    -1.8384    433.250  0.000e+00
  26.740206     18.339     7.9722     94.094    -1.8383    -1.8388    33.9656    -1.8380    -1.8384    433.500  0.000e+00
  26.740684     18.420     7.9867     94.266    -1.8381    -1.8386    33.9660    -1.8378    -1.8382    433.750  0.000e+00
  26.739789     18.493     7.9856     94.251    -1.8383    -1.8387    33.9649    -1.8379    -1.8384    434.000  0.000e+00
  26.739133     18.523     7.9973     94.390    -1.8380    -1.8385    33.9637    -1.8377    -1.8381    434.250  0.000e+00
  26.738596     18.451     8.0192     94.648    -1.8381    -1.8385    33.9630    -1.8377    -1.8382    434.500  0.000e+00
  26.738774     18.310     8.0332     94.813    -1.8380    -1.8384    33.9633    -1.8376    -1.8381    434.750  0.000e+00
  26.739311     18.203     8.0441     94.942    -1.8382    -1.8387    33.9644    -1.8379    -1.8383    435.000  0.000e+00
  26.739788     18.167     8.0534     95.053    -1.8382    -1.8387    33.9650    -1.8379    -1.8383    435.250  0.000e+00
  26.740027     18.191     8.0659     95.201    -1.8380    -1.8385    33.9651    -1.8377    -1.8381    435.500  0.000e+00
  26.739490     18.213     8.0759     95.317    -1.8382    -1.8387    33.9646    -1.8379    -1.8383    435.750  0.000e+00
  26.739311     18.213     8.0861     95.439    -1.8380    -1.8384    33.9641    -1.8376    -1.8381    436.000  0.000e+00
  26.738595     18.118     8.0808     95.374    -1.8382    -1.8387    33.9634    -1.8379    -1.8383    436.250  0.000e+00
  26.738296     17.922     8.0798     95.363    -1.8379    -1.8384    33.9628    -1.8376    -1.8380    436.500  0.000e+00
  26.738952     17.718     8.0830     95.402    -1.8382    -1.8386    33.9641    -1.8378    -1.8383    436.750  0.000e+00
  26.739309     17.629     8.0879     95.459    -1.8382    -1.8386    33.9647    -1.8379    -1.8383    437.000  0.000e+00
  26.740025     17.590     8.0875     95.456    -1.8381    -1.8385    33.9656    -1.8378    -1.8382    437.250  0.000e+00
  26.739667     17.607     8.0862     95.439    -1.8381    -1.8385    33.9651    -1.8378    -1.8382    437.500  0.000e+00
  26.739190     17.625     8.0863     95.441    -1.8379    -1.8383    33.9642    -1.8376    -1.8380    437.750  0.000e+00
  26.739130     17.617     8.0802     95.369    -1.8379    -1.8384    33.9642    -1.8376    -1.8380    438.000  0.000e+00
  26.738414     17.542     8.0755     95.313    -1.8378    -1.8383    33.9631    -1.8375    -1.8379    438.250  0.000e+00
  26.738235     17.377     8.0733     95.286    -1.8380    -1.8384    33.9631    -1.8376    -1.8381    438.500  0.000e+00
  26.738771     17.170     8.0691     95.237    -1.8380    -1.8384    33.9640    -1.8376    -1.8381    438.750  0.000e+00
  26.738831     17.030     8.0762     95.321    -1.8380    -1.8385    33.9643    -1.8377    -1.8382    439.000  0.000e+00
  26.739666     16.976     8.0909     95.496    -1.8380    -1.8385    33.9655    -1.8377    -1.8382    439.250  0.000e+00
  26.739666     16.978     8.0936     95.528    -1.8380    -1.8384    33.9654    -1.8376    -1.8381    439.500  0.000e+00
  26.738950     16.983     8.0941     95.533    -1.8380    -1.8385    33.9645    -1.8377    -1.8382    439.750  0.000e+00
  26.738055     16.947     8.0994     95.595    -1.8378    -1.8382    33.9629    -1.8375    -1.8379    440.000  0.000e+00
  26.737696     16.832     8.1025     95.632    -1.8379    -1.8383    33.9627    -1.8376    -1.8380    440.250  0.000e+00
  26.737875     16.617     8.1001     95.604    -1.8379    -1.8383    33.9630    -1.8376    -1.8380    440.500  0.000e+00
  26.738232     16.390     8.1038     95.647    -1.8380    -1.8385    33.9639    -1.8377    -1.8382    440.750  0.000e+00
  26.738232     16.241     8.1047     95.658    -1.8382    -1.8386    33.9641    -1.8379    -1.8383    441.000  0.000e+00
  26.739186     16.184     8.1124     95.750    -1.8380    -1.8385    33.9653    -1.8377    -1.8382    441.250  0.000e+00
  26.739306     16.169     8.1239     95.885    -1.8381    -1.8385    33.9656    -1.8378    -1.8382    441.500  0.000e+00
  26.738411     16.160     8.1293     95.948    -1.8378    -1.8383    33.9640    -1.8376    -1.8380    441.750  0.000e+00
  26.738411     16.109     8.1283     95.936    -1.8379    -1.8383    33.9641    -1.8376    -1.8380    442.000  0.000e+00
  26.737694     15.998     8.1293     95.948    -1.8378    -1.8382    33.9631    -1.8375    -1.8379    442.250  0.000e+00
  26.737336     15.822     8.1379     96.049    -1.8378    -1.8382    33.9627    -1.8375    -1.8379    442.500  0.000e+00
  26.737514     15.592     8.1475     96.163    -1.8380    -1.8385    33.9634    -1.8377    -1.8382    442.750  0.000e+00
  26.738051     15.420     8.1518     96.214    -1.8379    -1.8384    33.9641    -1.8376    -1.8381    443.000  0.000e+00
  26.738588     15.348     8.1571     96.277    -1.8382    -1.8386    33.9652    -1.8379    -1.8383    443.250  0.000e+00
  26.739303     15.349     8.1609     96.322    -1.8380    -1.8384    33.9660    -1.8377    -1.8381    443.500  0.000e+00
  26.738110     15.409     8.1603     96.314    -1.8380    -1.8384    33.9643    -1.8377    -1.8381    443.750  0.000e+00
  26.738051     15.480     8.1416     96.094    -1.8378    -1.8382    33.9639    -1.8375    -1.8379    444.000  0.000e+00
  26.737872     15.522     8.1181     95.817    -1.8377    -1.8382    33.9636    -1.8375    -1.8379    444.250  0.000e+00
  26.737514     15.538     8.0942     95.534    -1.8379    -1.8383    33.9632    -1.8376    -1.8380    444.500  0.000e+00
  26.737335     15.485     8.0780     95.342    -1.8378    -1.8383    33.9630    -1.8376    -1.8380    444.750  0.000e+00
  26.738110     15.410     8.0746     95.302    -1.8380    -1.8385    33.9643    -1.8377    -1.8382    445.000  0.000e+00
  26.738051     15.395     8.0734     95.289    -1.8379    -1.8384    33.9641    -1.8376    -1.8381    445.250  0.000e+00
  26.738588     15.458     8.0854     95.431    -1.8381    -1.8385    33.9650    -1.8378    -1.8382    445.500  0.000e+00
  26.738767     15.600     8.0925     95.515    -1.8380    -1.8384    33.9651    -1.8377    -1.8381    445.750  0.000e+00
  26.738410     15.757     8.1088     95.706    -1.8379    -1.8384    33.9644    -1.8376    -1.8381    446.000  0.000e+00
  26.737515     15.845     8.1070     95.684    -1.8379    -1.8384    33.9631    -1.8376    -1.8381    446.250  0.000e+00
  26.737515     15.855     8.0969     95.565    -1.8378    -1.8382    33.9629    -1.8375    -1.8379    446.500  0.000e+00
  26.737336     15.791     8.0780     95.342    -1.8379    -1.8384    33.9629    -1.8376    -1.8381    446.750  0.000e+00
  26.738052     15.744     8.0677     95.221    -1.8378    -1.8383    33.9638    -1.8376    -1.8380    447.000  0.000e+00
  26.738111     15.759     8.0500     95.012    -1.8381    -1.8385    33.9641    -1.8378    -1.8382    447.250  0.000e+00
  26.738052     15.818     8.0485     94.994    -1.8381    -1.8386    33.9641    -1.8378    -1.8383    447.500  0.000e+00
  26.737873     15.873     8.0548     95.069    -1.8381    -1.8385    33.9637    -1.8378    -1.8382    447.750  0.000e+00
  26.737336     15.898     8.0540     95.059    -1.8381    -1.8385    33.9630    -1.8378    -1.8382    448.000  0.000e+00
  26.736799     15.824     8.0691     95.236    -1.8379    -1.8384    33.9621    -1.8376    -1.8381    448.250  0.000e+00
  26.736977     15.633     8.0744     95.299    -1.8380    -1.8385    33.9626    -1.8377    -1.8382    448.500  0.000e+00
  26.737335     15.414     8.0774     95.335    -1.8380    -1.8385    33.9632    -1.8377    -1.8382    448.750  0.000e+00
  26.737514     15.284     8.0684     95.228    -1.8383    -1.8388    33.9639    -1.8381    -1.8385    449.000  0.000e+00
  26.738587     15.244     8.0776     95.338    -1.8382    -1.8386    33.9653    -1.8379    -1.8384    449.250  0.000e+00
  26.737871     15.219     8.0545     95.065    -1.8380    -1.8384    33.9641    -1.8377    -1.8381    449.500  0.000e+00
  26.737513     15.165     8.0386     94.878    -1.8380    -1.8384    33.9636    -1.8377    -1.8381    449.750  0.000e+00
  26.736976     15.064     8.0402     94.896    -1.8378    -1.8382    33.9627    -1.8375    -1.8379    450.000  0.000e+00
  26.736797     14.913     8.0380     94.870    -1.8379    -1.8384    33.9627    -1.8376    -1.8381    450.250  0.000e+00
  26.736796     14.702     8.0468     94.973    -1.8378    -1.8383    33.9627    -1.8376    -1.8380    450.500  0.000e+00
  26.737153     14.464     8.0762     95.321    -1.8380    -1.8385    33.9636    -1.8378    -1.8382    450.750  0.000e+00
  26.737332     14.287     8.1013     95.617    -1.8382    -1.8387    33.9642    -1.8380    -1.8384    451.000  0.000e+00
  26.737869     14.196     8.1246     95.893    -1.8381    -1.8385    33.9649    -1.8378    -1.8383    451.250  0.000e+00
  26.737869     14.133     8.1513     96.208    -1.8381    -1.8386    33.9650    -1.8379    -1.8383    451.500  0.000e+00
  26.736974     14.096     8.1617     96.331    -1.8379    -1.8383    33.9634    -1.8376    -1.8380    451.750  0.000e+00
  26.736794     14.041     8.1534     96.232    -1.8380    -1.8384    33.9634    -1.8377    -1.8382    452.000  0.000e+00
  26.736794     13.966     8.1427     96.106    -1.8379    -1.8383    33.9633    -1.8376    -1.8381    452.250  0.000e+00
  26.736496     13.888     8.1278     95.930    -1.8380    -1.8384    33.9630    -1.8377    -1.8382    452.500  0.000e+00
  26.735959     13.797     8.1059     95.671    -1.8381    -1.8385    33.9625    -1.8378    -1.8383    452.750  0.000e+00
  26.736495     13.711     8.0874     95.453    -1.8380    -1.8384    33.9632    -1.8377    -1.8382    453.000  0.000e+00
  26.736793     13.635     8.0759     95.316    -1.8383    -1.8387    33.9639    -1.8380    -1.8385    453.250  0.000e+00
  26.736793     13.587     8.0707     95.256    -1.8380    -1.8385    33.9637    -1.8378    -1.8382    453.500  0.000e+00
  26.736316     13.529     8.0613     95.144    -1.8382    -1.8386    33.9632    -1.8379    -1.8384    453.750  0.000e+00
  26.735958     13.469     8.0552     95.072    -1.8382    -1.8386    33.9628    -1.8379    -1.8384    454.000  0.000e+00
  26.736316     13.424     8.0300     94.775    -1.8381    -1.8386    33.9633    -1.8379    -1.8383    454.250  0.000e+00
  26.736793     13.419     8.0122     94.566    -1.8383    -1.8387    33.9641    -1.8380    -1.8385    454.500  0.000e+00
  26.736614     13.448     7.9852     94.246    -1.8380    -1.8385    33.9635    -1.8378    -1.8382    454.750  0.000e+00
  26.736316     13.501     7.9549     93.889    -1.8382    -1.8387    33.9633    -1.8380    -1.8384    455.000  0.000e+00
  26.736495     13.569     7.9145     93.413    -1.8379    -1.8384    33.9632    -1.8377    -1.8381    455.250  0.000e+00
  26.736495     13.654     7.8667     92.848    -1.8381    -1.8385    33.9633    -1.8378    -1.8383    455.500  0.000e+00
  26.736018     13.709     7.8348     92.470    -1.8381    -1.8386    33.9627    -1.8379    -1.8383    455.750  0.000e+00
  26.736137     13.735     7.7982     92.038    -1.8381    -1.8386    33.9628    -1.8379    -1.8383    456.000  0.000e+00
  26.736495     13.746     7.7597     91.585    -1.8383    -1.8387    33.9635    -1.8380    -1.8385    456.250  0.000e+00
  26.736615     13.815     7.7377     91.325    -1.8383    -1.8387    33.9636    -1.8380    -1.8385    456.500  0.000e+00
  26.737152     13.967     7.7198     91.114    -1.8384    -1.8389    33.9644    -1.8382    -1.8386    456.750  0.000e+00
  26.737332     14.170     7.6966     90.840    -1.8382    -1.8386    33.9642    -1.8379    -1.8384    457.000  0.000e+00
  26.736974     14.391     7.6828     90.678    -1.8381    -1.8385    33.9635    -1.8378    -1.8383    457.250  0.000e+00
  26.736497     14.557     7.6812     90.658    -1.8381    -1.8385    33.9627    -1.8378    -1.8383    457.500  0.000e+00
  26.736498     14.659     7.6734     90.566    -1.8380    -1.8384    33.9625    -1.8377    -1.8382    457.750  0.000e+00
  26.736498     14.693     7.6699     90.524    -1.8382    -1.8387    33.9628    -1.8380    -1.8384    458.000  0.000e+00
  26.737154     14.719     7.6771     90.610    -1.8381    -1.8386    33.9636    -1.8379    -1.8383    458.250  0.000e+00
  26.736975     14.786     7.6809     90.654    -1.8384    -1.8389    33.9636    -1.8382    -1.8386    458.500  0.000e+00
  26.737334     14.911     7.7242     91.166    -1.8382    -1.8387    33.9638    -1.8380    -1.8384    458.750  0.000e+00
